0.000000000000000000e+00
-1.987143843736151605e-01
-1.853180541433626927e-01
-1.074528069171606370e-01
-7.428720936359708982e-02
-4.512424307125290079e-02
-2.554549036089265313e-02
1.470822950316341693e-02
8.386463525583431888e-02
1.746230569486424689e-01
2.758900022700640497e-01
3.790967992137754261e-01
4.682981944108196570e-01
5.080033660650487004e-01
5.322564434787113719e-01
5.655929340655418969e-01
6.647756944016903757e-01
6.806200220313504134e-01
6.515575450765342946e-01
6.361496272620892345e-01
6.281328375026860034e-01
5.970989722385633414e-01
5.694198256089537669e-01
5.870696256593886941e-01
5.929395417660862089e-01
5.815425716687904201e-01
5.801564739516024138e-01
5.836692276611396002e-01
5.933923830155696244e-01
6.021734958401432358e-01
6.082725437655789325e-01
6.084036974719289059e-01
6.162429944662549675e-01
6.112824697448939748e-01
5.986913780330053170e-01
5.802911691230113744e-01
5.635035686369809227e-01
5.511478176057023060e-01
5.420401991348159365e-01
5.277029902934204930e-01
5.129944516770228446e-01
5.074867079423222016e-01
5.096541982959862382e-01
4.795092286595407094e-01
5.343591181885356534e-01
5.429149104953041594e-01
5.474676637475625052e-01
5.806244780552221041e-01
7.386484097667469495e-01
6.345624373694082054e-01
5.560591177771636584e-01
4.416133723174151537e-01
4.069351246121616361e-01
4.492125208717204221e-01
4.916961343489062441e-01
5.126431460053848532e-01
5.148950111163250742e-01
5.132649544863299163e-01
5.105440863499474125e-01
4.923700204870146147e-01
4.625238930810255389e-01
4.285157421845869896e-01
3.949492868737641826e-01
3.543755997051748485e-01
3.110235856028609747e-01
2.656922123422176818e-01
2.022178831796248022e-01
4.236716434645448892e-02
-6.305131566215815830e-02
-1.105426699040475969e-01
-1.389947613931605819e-01
-1.942742641408473081e-01
-1.864104349992788401e-01
-7.824327416173171290e-02
2.532020457474987163e-02
7.878101538085086064e-02
8.229374562471963861e-02
8.843373890701783369e-02
1.179311391662480890e-01
1.193423794888154310e-01
9.747627401603264907e-02
5.654949218318666704e-02
1.110499795097386055e-02
-3.389274365896297048e-02
-6.956683541505152835e-02
-1.195548908395448473e-01
-1.690750242464887920e-01
-2.282314475726754111e-01
-3.105019055370510372e-01
-4.164416445751043527e-01
-5.105834352289586597e-01
-5.840093442775815546e-01
-6.595477322915342944e-01
-7.029454284972137534e-01
-7.182510090746301312e-01
-7.218410714116538784e-01
-7.399070543347214812e-01
-7.847121390242897121e-01
-8.204924698424349572e-01
