0.000000000000000000e+00
-3.646203939749381728e-02
-8.522237239120107610e-02
-3.957716071456890417e-02
-2.268058172246520399e-02
-1.018280075838802479e-01
-1.480610731387188017e-01
-1.852796509892667420e-01
-2.078196247890464476e-01
-2.165826352966456758e-01
-2.150719665494113808e-01
-2.051730898681894399e-01
-1.976320563434564304e-01
-1.963669974165826726e-01
-2.044494633053361710e-01
-2.116892579534705165e-01
-2.146176969254959266e-01
-2.173184247102046274e-01
-2.117081616674353906e-01
-2.068373527635224973e-01
-2.066962459942271457e-01
-2.045022303058638691e-01
-2.005935681481620936e-01
-1.956696321203284517e-01
-1.935752490304535056e-01
-1.859412850805308437e-01
-1.612378198734381873e-01
-1.400305710049394303e-01
-1.216964201790049632e-01
-1.111470715388614694e-01
-1.141080728403947031e-01
-1.208945618607569494e-01
-1.197211929189509055e-01
-1.068586281114087544e-01
-7.934124704637719738e-02
-8.045693272733392409e-02
-1.036038743958985625e-01
-1.314143882105713312e-01
-1.514177270680232557e-01
-1.670060811096762410e-01
-1.809407991326303922e-01
-1.810311178115507347e-01
-1.776182163595870223e-01
-1.688918806560332775e-01
-1.478541440319656175e-01
-1.244739791436824811e-01
-1.089565917378191168e-01
-1.062703522929490108e-01
-1.121806489780838023e-01
-1.317470470400144977e-01
-1.536433061474884454e-01
-1.835282712676010730e-01
-2.162513348284295644e-01
-2.485630141532932935e-01
-2.685114613689513208e-01
-2.765343106256302197e-01
-2.789548006965250626e-01
-2.821380997409723701e-01
-2.836934105429093078e-01
-2.869372847040252417e-01
-3.081172057132055553e-01
-3.389738545845456530e-01
-3.699704881371541632e-01
-4.026533070100748457e-01
-4.339052200697866013e-01
-4.479302514452215833e-01
-4.534018962801030783e-01
-4.500677539804832650e-01
-4.397790442654661014e-01
-4.303290458589141276e-01
-4.297370841349241744e-01
-4.314598767093754672e-01
-4.539373023300873888e-01
-4.951634459083013584e-01
-5.231581402987957041e-01
-5.450625801244848301e-01
-5.607208794022118248e-01
-5.827258396126477891e-01
-6.124418394335791049e-01
-6.513113764125622041e-01
-7.122112738180654823e-01
-7.879322253121183728e-01
-8.620647707455261211e-01
-9.163014184201268009e-01
-9.415950469895985053e-01
-9.939467484505379868e-01
-1.088109552467321661e+00
-1.172633390211667237e+00
-1.216487613744231755e+00
-1.241413222709068620e+00
-1.287577434817544608e+00
-1.355428417181974599e+00
-1.428200456265376506e+00
-1.483466356816823817e+00
-1.522692323924000668e+00
-1.544804249224236647e+00
-1.544349801033646497e+00
-1.527311230897663519e+00
-1.498572582725709035e+00
