0.000000000000000000e+00
-2.193856759826474240e-02
-9.966979282806694151e-02
-1.109043891909907847e-01
-9.154949134570661284e-02
-1.322525394544324939e-01
-1.749143473706962215e-01
-2.027612950394743763e-01
-2.169745590058650142e-01
-2.242205827616690350e-01
-2.388753083357736395e-01
-2.468630233247355310e-01
-2.449095207814149244e-01
-2.323865886763148980e-01
-2.178911678648487449e-01
-2.066917242972963753e-01
-2.061196374385435293e-01
-2.081743375269274887e-01
-2.054056583364241018e-01
-2.007167182851138654e-01
-2.005662411816871993e-01
-1.939538420772494165e-01
-1.793499458620134157e-01
-1.696982373486786155e-01
-1.737717205498718887e-01
-1.781237200863858283e-01
-1.746755959920429646e-01
-1.636481286863418760e-01
-1.527182550028496344e-01
-1.406882020573288206e-01
-1.388709180629404960e-01
-1.452022686657799544e-01
-1.473432812485868659e-01
-1.318711710340041421e-01
-1.042330726059768620e-01
-8.582322004349865474e-02
-9.049728825343963945e-02
-1.113409982445564966e-01
-1.330650010557197227e-01
-1.573965367693831163e-01
-1.837850081183335649e-01
-2.032376451246264704e-01
-2.097088791820626574e-01
-2.074057239757170767e-01
-1.995547776528847905e-01
-1.875863957252797976e-01
-1.728459950047859239e-01
-1.657948960595513055e-01
-1.664900610639870049e-01
-1.753374228498444654e-01
-1.969316295612986156e-01
-2.251614539429712125e-01
-2.588425894503681990e-01
-2.927714063744920603e-01
-3.197763955141002534e-01
-3.422870777146188037e-01
-3.471153164110801770e-01
-3.482127819498913590e-01
-3.468415826050776918e-01
-3.459191332705863209e-01
-3.503219854704730518e-01
-3.798116355298057911e-01
-4.102378010193915570e-01
-4.433494837491177010e-01
-4.705200575674438612e-01
-4.888550068214828626e-01
-5.037972814764855034e-01
-5.045548672332722528e-01
-4.964975331150596749e-01
-4.851929483784558350e-01
-4.825576592854408098e-01
-4.987196891211639338e-01
-5.350229673519342199e-01
-5.844254777426051151e-01
-6.264972028587301178e-01
-6.457090658311783749e-01
-6.509833440063016452e-01
-6.527312278226631292e-01
-6.538766062703795789e-01
-6.873757057539282567e-01
-7.548438440906569680e-01
-8.378852610120118838e-01
-9.333416148252866584e-01
-1.046992550134153488e+00
-1.153792789498760962e+00
-1.238611299352881279e+00
-1.290657844857853842e+00
-1.315238190652750827e+00
-1.333696907417033284e+00
-1.373248836832347441e+00
-1.453658075585625431e+00
-1.540581928682849711e+00
-1.610107336280831802e+00
-1.655774373126678523e+00
-1.684745857522349510e+00
-1.697992303015898541e+00
-1.690499232227075321e+00
-1.674005437144979291e+00
-1.627670477928569337e+00
