0.000000000000000000e+00
-1.137952251149636392e-02
3.138962355627158973e-02
7.439983975748583334e-02
5.271796116534552962e-02
1.125506078056703885e-02
-1.851228244895530839e-03
-1.216617201844914786e-02
-1.961108833915985172e-02
-2.383698543832626915e-02
-1.711733964691392051e-02
-2.226333814155601054e-03
2.430653117903880389e-02
5.339143470698873295e-02
8.700619362070835527e-02
1.219652730269432384e-01
1.580029184041028545e-01
1.850845520061142058e-01
2.011959882673400868e-01
2.260201716768360791e-01
2.412692926045533204e-01
2.554529345264686668e-01
2.963957362496870140e-01
3.606195871808665632e-01
3.962645856564966373e-01
4.173361749152887934e-01
4.333511620934517583e-01
4.331530173642433867e-01
4.530297635107337073e-01
4.737246456598959155e-01
4.853263921341968157e-01
4.878508260149858056e-01
4.626342965365640714e-01
4.292923434861815046e-01
3.891632607828813817e-01
3.677797796346932158e-01
3.645364965561238568e-01
3.652391779161601737e-01
3.635355719752496051e-01
3.554694971490803268e-01
3.457690422473961300e-01
3.400223112687807969e-01
3.448732489977294202e-01
3.568282233915255341e-01
3.777260717291187619e-01
3.781312327549714025e-01
3.759616296412578995e-01
3.681412122055419678e-01
3.535836267589659854e-01
3.568823104967412396e-01
3.493823781049948951e-01
3.249818646292256807e-01
2.965598970327654182e-01
2.699472801557761814e-01
2.480950423282829442e-01
2.276350077324353349e-01
2.011631630112414026e-01
1.646623593338347180e-01
1.552218859919513583e-01
1.489209190161611684e-01
1.416253967970113603e-01
1.289893165532886854e-01
1.049388453344549665e-01
7.035360552831429470e-02
2.929178045747585224e-02
-1.487286180342867192e-02
-6.315609920730425042e-02
-9.258433813762126374e-02
-9.802645524987874115e-02
-6.297827759656912661e-02
-1.212734487626987434e-02
-4.626062573610284501e-03
-4.502708751369335904e-03
8.985545043895731832e-03
2.791426183806065831e-02
4.273834806634081718e-02
3.385146077933531839e-02
7.353827006295526880e-03
-3.422850994054779661e-02
-6.683550081996753045e-02
-7.518508464803547175e-02
-8.935893214792173245e-02
-1.161423571011529626e-01
-1.581505823665009247e-01
-2.416043011419236053e-01
-3.696472000286060711e-01
-5.030114363783599885e-01
-6.258514122820060255e-01
-7.425699794731570602e-01
-7.780834774698526246e-01
-8.194032530500384715e-01
-8.705396165430074884e-01
-9.198638879735634433e-01
-9.769168113670250175e-01
-1.037821267235538469e+00
-1.103622599739733534e+00
-1.155548478940106705e+00
-1.200551436682584239e+00
-1.245312940505517663e+00
