0.000000000000000000e+00
-1.797026440920308082e-02
-4.596163154821870933e-03
7.547482705091226179e-03
-6.812240712618511385e-02
-9.905475152280891760e-02
-1.146663432894216433e-01
-1.278054843244574856e-01
-1.267582019322003040e-01
-1.195649782978174674e-01
-1.007020335951773482e-01
-7.445527157360661008e-02
-4.941660217974298830e-02
-2.723147051067603686e-02
-7.469979703147472394e-03
3.270076351697182027e-03
1.504614764413422789e-02
4.048749335567058960e-02
6.462506194295364326e-02
8.463749416309404583e-02
9.807342490159259851e-02
1.168956935058440838e-01
1.746237866064516142e-01
2.414222238839883738e-01
2.644991046654576738e-01
2.727824473839596253e-01
2.943528204585194596e-01
3.233011728673990670e-01
3.547015140204594630e-01
3.876293422306854586e-01
4.095890324417505446e-01
4.095953546823927760e-01
3.815075389739175371e-01
3.460778112793350125e-01
3.244601526933473257e-01
3.123961766198193324e-01
3.060213303819464548e-01
3.003410526586478002e-01
2.941968066762856715e-01
2.945523940324729084e-01
2.962537961494275951e-01
3.094214898560349036e-01
3.206427448323926344e-01
3.241654735222075923e-01
3.339975161975402562e-01
3.377816374384067788e-01
3.295931672322665040e-01
3.151275428768313125e-01
2.936395635392260450e-01
2.936532530123989737e-01
2.848577718930207503e-01
2.699893796255841139e-01
2.517244918244338492e-01
2.312167866092842139e-01
2.123875684627475890e-01
1.953175830133602742e-01
1.765386092674758600e-01
1.494295320876833921e-01
1.259442375187246332e-01
1.327614742742489751e-01
1.319221403410397730e-01
1.224904367847293590e-01
1.108064945413434477e-01
9.336891468890791412e-02
6.584007330734292784e-02
3.314649977478820175e-02
-7.040183166523189540e-03
-3.941917635760003313e-02
-3.144481977301107067e-02
2.179660718829858068e-02
4.917688228890564756e-02
6.526460521508417600e-02
7.082507942188075167e-02
7.411426018195733934e-02
6.082461012665890676e-02
3.093949583769237122e-02
1.403523258538016960e-02
1.459797580030647302e-03
-1.359325802264271799e-02
-3.886684413969410112e-02
-7.030200697587983549e-02
-1.356783981491551105e-01
-2.168401644214235924e-01
-2.810101843794147736e-01
-3.515262046442189647e-01
-4.595890776636676334e-01
-5.805025103231368222e-01
-6.997460177354557498e-01
-7.450293432627175250e-01
-7.733059601178751130e-01
-8.168266814817192190e-01
-8.675890404465982364e-01
-9.290132222083380409e-01
-9.954568114595285788e-01
-1.062999043713557468e+00
-1.120853600378014736e+00
-1.152555237729246063e+00
-1.170888542018207801e+00
-1.187194528107986535e+00
