0.000000000000000000e+00
-3.700979741628453168e-02
1.222088891903648153e-02
-3.573109645164154052e-02
-9.192198209747984294e-02
-1.699823001434436209e-01
-2.324517592709425540e-01
-2.844930431697775264e-01
-3.149663802062488971e-01
-3.403806793497992644e-01
-3.456664342382995136e-01
-3.349962551771793473e-01
-3.228615786044483627e-01
-3.152287517164603092e-01
-3.066241442582142707e-01
-3.008117733150492690e-01
-2.990415577540617154e-01
-2.956946256724757305e-01
-2.961422275214180555e-01
-2.908021210578261018e-01
-2.753889536295637264e-01
-2.560550994186462370e-01
-2.312005497130924236e-01
-2.075488208579587546e-01
-1.970091291552214241e-01
-1.875856608420641003e-01
-1.648552740200352473e-01
-1.531189304619889890e-01
-1.437722109073937549e-01
-1.336553995696669883e-01
-1.197545980336843507e-01
-1.046414467465138498e-01
-1.142454743425313640e-01
-1.257217669325757514e-01
-1.344127821557385416e-01
-1.377917201091049260e-01
-1.358314735837308773e-01
-1.259079770575092239e-01
-1.136148846277478669e-01
-1.115724079248176237e-01
-1.185986932819754203e-01
-1.204693629474513777e-01
-1.105757829707997020e-01
-1.109382965471536059e-01
-1.173539608638007464e-01
-1.213617428107931773e-01
-1.260628308630354355e-01
-1.302516421445566175e-01
-1.334809468697778501e-01
-1.413178206352635469e-01
-1.456202409674628995e-01
-1.659214938884238655e-01
-1.873660806713857707e-01
-2.049267538953650769e-01
-2.215848807116067021e-01
-2.393949517221384549e-01
-2.591689725048457182e-01
-2.793395012405145983e-01
-2.930933947100023418e-01
-3.095881970167969066e-01
-3.330128877372544038e-01
-3.585060037601047189e-01
-3.869737062068594469e-01
-4.258986433444159059e-01
-4.703488385684808648e-01
-5.067947028024226697e-01
-5.328813699233279078e-01
-5.470773243647040207e-01
-5.288657459794845472e-01
-4.920954597585242563e-01
-4.494273187488976307e-01
-4.319653603211146553e-01
-4.366847560118451987e-01
-4.595446133003503464e-01
-4.762719900570596132e-01
-4.847064034692520340e-01
-4.926989020018944787e-01
-5.080700434896753270e-01
-5.351671376138376068e-01
-5.673323300030423955e-01
-5.799731217334729294e-01
-6.267164740950773583e-01
-6.987078078567396933e-01
-7.667772120881075626e-01
-8.370695175760920481e-01
-9.055045863536932416e-01
-1.011913588205162862e+00
-1.115806216502416071e+00
-1.165633829932844590e+00
-1.207876356335316759e+00
-1.257178132645774271e+00
-1.319958018753934814e+00
-1.369246373457933430e+00
-1.424376686688467730e+00
-1.488087500406216179e+00
-1.533990286296157191e+00
-1.555085399050037509e+00
-1.567983474529808907e+00
-1.557904527557301577e+00
