0.000000000000000000e+00
-1.465660402812327401e-01
7.939940748019624905e-04
1.380784313415944486e-01
1.886008661524205265e-01
2.157691288216782299e-01
2.624467205645101275e-01
3.058539089269987077e-01
3.644231929580806773e-01
4.641403986758655398e-01
5.749238506789635661e-01
6.833839600691037353e-01
7.764878754809240169e-01
8.362093647885318060e-01
8.634930677311991598e-01
9.302033217224371375e-01
1.048188876708594952e+00
1.046879070798752531e+00
1.002396468802341234e+00
9.872063790364242752e-01
9.813969346172076724e-01
1.051374955085462748e+00
1.078783045161938015e+00
1.053502654828268659e+00
1.036374292801299113e+00
1.050418300891037715e+00
1.055237348879310977e+00
1.060170683075401854e+00
1.076360464198190536e+00
1.089712979904629009e+00
1.103439676204994502e+00
1.111224536747690506e+00
1.114741812393278186e+00
1.124576698816956766e+00
1.146039005323156168e+00
1.146801280964457659e+00
1.115331981953332940e+00
1.087235747538574770e+00
1.077685722892456122e+00
1.070131573687950421e+00
1.073267881281651182e+00
1.099900554327557733e+00
1.152520116307113041e+00
1.184417261609217675e+00
1.182684293768714312e+00
1.138242189731653919e+00
1.198984956387110890e+00
1.255989374506839784e+00
1.238108341112774902e+00
1.234547533598018276e+00
1.187050578480572272e+00
1.048249090920355009e+00
9.919637045043117052e-01
9.946814025163981388e-01
1.029518202522490267e+00
1.075514135173966546e+00
1.104511098579809447e+00
1.118273532974512374e+00
1.136843892514755261e+00
1.150285834501123761e+00
1.127614756534488061e+00
1.093507589748327735e+00
1.041473056119343266e+00
9.990130601591831194e-01
9.784033824639657428e-01
9.588839681891132560e-01
9.150391902873116212e-01
6.791989795556188092e-01
4.993983049876029590e-01
5.022116999507230117e-01
4.686349726009043648e-01
4.437580130508750886e-01
4.664253513835643350e-01
5.908472020764389265e-01
6.834167388759145867e-01
7.305920582748867131e-01
7.702911572977632071e-01
7.965355277586428917e-01
8.187506205508450208e-01
8.168543090942830265e-01
8.167291436953336703e-01
8.348647472665495783e-01
8.313193135380891885e-01
7.824605793929084729e-01
7.341455289379092974e-01
6.989453854128302446e-01
6.538541277985839839e-01
5.850679442119421925e-01
4.783538007841187656e-01
3.564696868038525479e-01
2.488327579293725667e-01
1.846775407893296861e-01
1.217367043388126180e-01
9.754718886632328390e-02
8.992212368768859321e-02
3.475649821879289725e-02
-2.402822694294451389e-02
-7.602626181819674422e-02
-7.004359174676702549e-02
