0.000000000000000000e+00
-9.323648812253240714e-02
-8.645131420359271346e-02
-4.481103126803076542e-02
-3.937639139662413301e-03
8.507494841023810483e-03
6.397705154759292245e-03
2.801074969026207118e-03
5.604846912992428321e-03
1.748616659898163950e-02
4.087682755312896377e-02
7.023027767591541459e-02
1.059707041096447921e-01
1.556508599624866762e-01
1.960258132225221051e-01
2.363785649507922915e-01
2.841309205415607497e-01
3.250558217337252698e-01
3.464880104425855922e-01
3.428313009401534606e-01
3.457794783150766604e-01
3.576154790252473736e-01
3.814797071929016403e-01
3.862071739264207881e-01
3.847558001720934318e-01
3.630264709442859727e-01
3.448661062728090587e-01
3.654857048191426094e-01
4.036181055865393219e-01
4.318395230310030364e-01
4.244706293459128976e-01
4.254413340684857214e-01
4.185402747353897390e-01
4.067574328225986302e-01
3.665028320334821621e-01
3.559100845738438212e-01
3.590676852195655022e-01
3.645074458790749650e-01
3.667673695281932211e-01
3.663049936490503367e-01
3.606530189013085197e-01
3.506653982128739022e-01
3.271552666798325237e-01
3.228185828967792270e-01
3.322158713814984399e-01
3.099118565320367891e-01
2.952630494409878015e-01
2.965367463217102317e-01
2.733814987716051137e-01
2.571991407685069175e-01
2.249018239980001277e-01
1.964976724955911636e-01
1.852989412326429552e-01
1.706770236088406001e-01
1.582959566666580220e-01
1.504776663060641839e-01
1.406522467608747884e-01
1.211453547065680647e-01
9.806279379776886018e-02
7.911632525152809126e-02
4.644065209901016011e-02
7.316001494215296219e-03
-3.341210168057234808e-02
-7.455624299446561576e-02
-1.048267848819019743e-01
-1.386052637062676618e-01
-1.781995970700356313e-01
-2.436839858081254473e-01
-2.839399206567276290e-01
-2.933640097323508278e-01
-2.904023369078364558e-01
-2.807932660048367834e-01
-2.511727738801194931e-01
-2.161462020755267610e-01
-1.557802217584117743e-01
-1.038135534585896413e-01
-8.486970858881584534e-02
-1.195498778357082376e-01
-1.896429413420221977e-01
-2.307437672987867061e-01
-2.385871955726893701e-01
-2.350969277828160453e-01
-2.467316353096505877e-01
-2.894282410840043340e-01
-3.875901895577930079e-01
-5.395201157911679868e-01
-7.047928812274124599e-01
-8.633538358491327225e-01
-9.846114326988835153e-01
-1.043673434676407386e+00
-1.095175137653039643e+00
-1.138623770895229592e+00
-1.170594360246770549e+00
-1.247783917575236323e+00
-1.349462545260948998e+00
-1.508552380938325443e+00
-1.688374595250726751e+00
-1.842600736363064984e+00
-2.043943705895244101e+00
