0.000000000000000000e+00
5.914894435847475873e-02
1.024319784553525681e-01
1.890116243542183105e-01
2.484089799709277013e-01
2.740980823053342785e-01
3.082128965650224872e-01
3.907363071075063976e-01
5.007186654238844348e-01
6.144059255542433373e-01
7.213673997399594473e-01
8.353451524681535512e-01
9.387228726727935291e-01
1.007114281611423801e+00
1.070033646864158472e+00
1.163298697001058146e+00
1.259028862738692078e+00
1.323834557484462326e+00
1.331636890322351885e+00
1.377996285429367918e+00
1.454947561118805188e+00
1.472921674034005646e+00
1.431395651905552180e+00
1.451762800710796109e+00
1.510502039304490562e+00
1.531380637619327967e+00
1.545312392825470393e+00
1.546737084466648149e+00
1.553767828719821775e+00
1.566166779845879820e+00
1.579486119704293312e+00
1.601127400523900679e+00
1.618007759731529660e+00
1.646611481973341284e+00
1.666395132558942782e+00
1.654894159729412451e+00
1.618361542441155709e+00
1.605968581331337797e+00
1.624673206679670967e+00
1.647940678281067051e+00
1.683651187439288544e+00
1.730763995035664804e+00
1.774884741849406478e+00
1.797430230118697292e+00
1.803463712556586662e+00
1.813629622344547165e+00
1.790477634083243785e+00
1.916049422011825820e+00
1.987625298834467813e+00
2.000610634199260662e+00
1.814553491236588156e+00
1.667173792849249381e+00
1.584745500833283138e+00
1.562844091713307959e+00
1.581863953027735192e+00
1.609115846466871558e+00
1.635178931588472828e+00
1.673330390155013836e+00
1.691480705374024618e+00
1.712341580117131778e+00
1.750611816770944795e+00
1.782098166812903006e+00
1.784022200985152518e+00
1.794286629201252259e+00
1.744708542161582665e+00
1.744207835730655187e+00
1.838638119672463933e+00
1.985317651856840504e+00
2.040706749431155043e+00
2.042433515424509238e+00
2.136168749150814339e+00
2.229090673681471735e+00
2.326739660501121687e+00
2.400342520741109542e+00
2.471132977812125375e+00
2.528729253897290974e+00
2.586181433693523601e+00
2.616883119530505120e+00
2.640060395232537438e+00
2.688870152404247094e+00
2.713345546940893804e+00
2.721056466991862433e+00
2.722813371929037274e+00
2.719794014625662726e+00
2.712785899438089565e+00
2.701944864291545123e+00
2.670838752854148623e+00
2.626748340506456447e+00
2.520167088874893935e+00
2.387276486610477200e+00
2.268323860014872739e+00
2.198049215668024026e+00
2.168021180377146528e+00
2.114482537580889776e+00
2.045047745176573173e+00
1.976199014850051672e+00
1.909152826984629403e+00
1.819956284173548378e+00
1.811348893189422160e+00
