0.000000000000000000e+00
1.234584605828529733e-02
-6.876627815617555872e-02
-1.040471137809257651e-01
-6.929626032318345064e-02
-1.384182286640173731e-01
-1.819334455335535616e-01
-1.973291640959126125e-01
-1.979136662737678853e-01
-2.010316547270132315e-01
-2.157696348372456496e-01
-2.303339905101805529e-01
-2.325881867800013436e-01
-2.326841983288048810e-01
-2.325555005289585142e-01
-2.330366602566728007e-01
-2.276014730864364677e-01
-2.220683652571598110e-01
-2.211981145417004357e-01
-2.173188999650351727e-01
-2.151474038047804238e-01
-2.087363021767411897e-01
-1.998282391865545127e-01
-1.920521647180488956e-01
-1.866322863842074797e-01
-1.833839440443682245e-01
-1.720699538728454603e-01
-1.537764761602707919e-01
-1.421050229632147555e-01
-1.404273093152555441e-01
-1.445806798537759286e-01
-1.500651122799473991e-01
-1.480015868551110003e-01
-1.317009160678131729e-01
-9.277436274793636473e-02
-7.884552641321912470e-02
-9.974882532203269148e-02
-1.251357249958919837e-01
-1.486350106535421489e-01
-1.708545194436577042e-01
-1.935869175903540129e-01
-2.101658321625308190e-01
-2.127339667599273398e-01
-2.077792644042009695e-01
-1.890305218287277600e-01
-1.610336454901283576e-01
-1.358280184420024572e-01
-1.199389709350309752e-01
-1.151150551510233960e-01
-1.233237964642613094e-01
-1.479981695802559116e-01
-1.899270554973899183e-01
-2.375145582459418647e-01
-2.768048222265441782e-01
-3.105858712270386790e-01
-3.357095485594279172e-01
-3.446899173949348194e-01
-3.479750972511048701e-01
-3.491756095649786729e-01
-3.511285488216738804e-01
-3.624788977398301082e-01
-3.887283577941174073e-01
-4.142967576889045045e-01
-4.376043218238450105e-01
-4.582552219383996817e-01
-4.701340661592617876e-01
-4.665255726086726673e-01
-4.534735246298686739e-01
-4.412863591398475949e-01
-4.349907559233777699e-01
-4.419298932895214804e-01
-4.637156088067964643e-01
-4.940808744113998618e-01
-5.268306529101000057e-01
-5.479722078733370028e-01
-5.564069980645569569e-01
-5.587080631998591063e-01
-5.643777037044515055e-01
-5.834297326261441707e-01
-6.315860943611418810e-01
-7.032289871530890135e-01
-7.928471082855197416e-01
-8.884119159811671995e-01
-9.971218829953576446e-01
-1.102487028524644641e+00
-1.184940796570462362e+00
-1.251927763167249630e+00
-1.301475360199197739e+00
-1.328823924190883687e+00
-1.352719901418666826e+00
-1.406827559283918561e+00
-1.459548246087116308e+00
-1.492283500325789047e+00
-1.522888342778172754e+00
-1.552353382293541806e+00
-1.549045027222212267e+00
-1.513398380939005916e+00
-1.453504702676765126e+00
-1.359383428581383502e+00
