0.000000000000000000e+00
-2.713657196087632117e-02
4.742013140200321275e-02
1.673571306053920904e-01
2.424779483947808179e-01
2.982984497412696778e-01
3.453348756226498062e-01
3.825964855413300225e-01
4.003513847399385872e-01
4.654516730838887950e-01
5.875016699191075720e-01
7.309792186104592249e-01
8.608563563955561326e-01
9.531600844986538590e-01
1.021349524818672139e+00
1.115846676715091412e+00
1.230919396624047257e+00
1.244377357073463530e+00
1.239473326088280425e+00
1.245008372922059570e+00
1.287508856916634414e+00
1.298433184807300744e+00
1.296736461983223343e+00
1.248099436226231207e+00
1.276352277140571312e+00
1.330215857558900039e+00
1.366756880019354803e+00
1.382328253995771972e+00
1.395918220346735072e+00
1.399588776354480091e+00
1.399867110228189437e+00
1.393821074185144226e+00
1.382994986051274910e+00
1.372677176193220383e+00
1.378074761820433869e+00
1.370184844879123842e+00
1.332703845988647107e+00
1.298280634479992868e+00
1.282936454021426975e+00
1.298730809586159829e+00
1.339783195767740631e+00
1.384088839995615272e+00
1.441349085405078556e+00
1.488310941534541243e+00
1.521572748451971657e+00
1.547270111247496915e+00
1.589534919325256146e+00
1.669364126703076767e+00
1.659453951925055737e+00
1.494238902346234354e+00
1.436467580244477293e+00
1.377866102234739598e+00
1.338543240796068012e+00
1.332393205425272731e+00
1.354053926777635697e+00
1.384461781582043471e+00
1.418189812469310640e+00
1.454187175912965202e+00
1.480099499806681651e+00
1.502707480724368994e+00
1.514859998486641768e+00
1.513607180808290043e+00
1.500616715343618068e+00
1.482450922874649191e+00
1.447239394616343544e+00
1.457343361146406169e+00
1.505059252205984244e+00
1.605921207323051991e+00
1.787220403330048946e+00
1.833314558230541014e+00
1.804762786239967998e+00
1.826678051462220509e+00
1.957234993235958509e+00
2.097146604672874837e+00
2.193185382382523141e+00
2.264202758496405732e+00
2.288743504786820537e+00
2.310381040632982774e+00
2.327422185018021672e+00
2.340566642415919496e+00
2.346441238481513203e+00
2.338594498485699447e+00
2.337065617188365252e+00
2.330965015193254608e+00
2.298680471524585656e+00
2.277812881738468409e+00
2.253771841536750031e+00
2.201782165136150660e+00
2.106481948334864907e+00
2.003137146386119838e+00
1.884069483543774126e+00
1.811066369544132026e+00
1.764233195046829739e+00
1.717376556318900072e+00
1.678012663241231994e+00
1.601306373847557030e+00
1.531109264842277939e+00
1.448463659223265809e+00
1.385187626815395312e+00
