0.000000000000000000e+00
-4.864948582961976103e-02
-9.298903968372328188e-02
1.267560877691182308e-01
5.846440582708217759e-02
-2.145606548822261150e-02
-5.649012277220644140e-02
-7.585267614361378141e-02
-8.775698267545556375e-02
-9.499570298072217145e-02
-9.189349266012125650e-02
-7.499828869416538812e-02
-5.282991856584803164e-02
-3.440543696145229730e-02
-2.096027550308694060e-02
-1.395946624207783371e-02
-8.959885081757351655e-03
-4.685162669665621227e-04
2.717715431189135500e-03
2.095464199572474873e-03
-9.877717873253977210e-04
-2.290069569399533211e-03
6.254179016114580492e-03
1.456935983314647937e-02
8.529938149830045002e-03
3.840882727752178288e-03
1.133227641320541483e-02
3.097812930177694379e-02
5.702612870319240246e-02
7.686156446996916802e-02
9.384060853205167252e-02
1.109937757553735027e-01
1.227735626054401313e-01
1.254507872113740374e-01
1.223307284000721695e-01
1.150360205238864370e-01
1.080654745507578229e-01
1.052155957120068652e-01
1.090028989438889817e-01
1.143903695713616719e-01
1.113694672768630600e-01
1.027301006354093688e-01
1.041731292192632219e-01
1.071505586700705198e-01
1.196744321254228222e-01
1.365073151392567907e-01
1.554920511451342857e-01
1.516619017449166995e-01
1.420284258433410496e-01
1.211831351505402166e-01
9.996668860499666187e-02
7.931156842402418972e-02
5.243322012463772636e-02
2.336616309135353120e-02
-5.176602416185490350e-04
-2.617213650634645991e-02
-5.263005776090736582e-02
-7.596703055993662967e-02
-9.853841826461917641e-02
-1.214338542690489575e-01
-1.388871454690001894e-01
-1.482244839777902001e-01
-1.582628944883326116e-01
-1.736404691261497768e-01
-1.984456158009446081e-01
-2.295220274487179690e-01
-2.610619751666790611e-01
-2.881536630036519719e-01
-3.037450422851494802e-01
-2.942121452867807463e-01
-2.754298436117376681e-01
-2.484986129801090293e-01
-2.207848088622041405e-01
-2.156576713189414518e-01
-2.449059978715091568e-01
-3.035965336688068450e-01
-3.637608938435801242e-01
-3.958661429490859529e-01
-4.150571586231099896e-01
-4.307144984087812878e-01
-4.464413350339100361e-01
-4.602044772712677867e-01
-4.823644749470539783e-01
-5.447719744979991896e-01
-6.082907481769608271e-01
-6.885336774497522461e-01
-7.901525984778148270e-01
-9.084052509505231576e-01
-1.018726292591856097e+00
-1.056076556050397741e+00
-1.080718803800331695e+00
-1.136677202470414816e+00
-1.205845853664647471e+00
-1.283537336856210853e+00
-1.340123481787092841e+00
-1.382668769057297853e+00
-1.422416224304171806e+00
-1.461043789971850693e+00
-1.469744919288539009e+00
