0.000000000000000000e+00
-3.118104857124307655e-02
-7.434387410201599711e-02
-1.171680978105143905e-01
-1.008805072637209144e-01
-1.868102050375365919e-01
-2.378380782212080602e-01
-2.525697510784942201e-01
-2.599371019802825256e-01
-2.742206939622397477e-01
-2.856886564706281328e-01
-2.861071277387423617e-01
-2.812355863464417460e-01
-2.704735866663878774e-01
-2.552466639774620960e-01
-2.429364434445104859e-01
-2.352355962319748472e-01
-2.318270717347231669e-01
-2.324713227028925577e-01
-2.395618622404998010e-01
-2.436532695013297334e-01
-2.437998448071105884e-01
-2.417125993638286618e-01
-2.421490220591463460e-01
-2.441802691222731414e-01
-2.394995362397581706e-01
-2.217585455220019708e-01
-2.025420950070270787e-01
-1.906386592823717807e-01
-1.930255383427546545e-01
-2.131556335034145988e-01
-2.303616286601455898e-01
-2.368548291122176408e-01
-2.154566172897312559e-01
-1.842528615296153138e-01
-1.615163793391819202e-01
-1.620155263349692953e-01
-1.852950318663955376e-01
-2.115704657813439193e-01
-2.331713032385509532e-01
-2.512677496754768813e-01
-2.579574706956723196e-01
-2.590020051698949111e-01
-2.526175484138030725e-01
-2.346006397809753674e-01
-2.146598472317822748e-01
-2.020329455862713008e-01
-2.021164229889807484e-01
-2.213836551430330979e-01
-2.488296914038956031e-01
-2.691729577038893817e-01
-2.937138068062923324e-01
-3.216224117416751627e-01
-3.469705148687661778e-01
-3.602787418053583490e-01
-3.645270226213797038e-01
-3.600067392000872446e-01
-3.572811822707412932e-01
-3.538521114366670051e-01
-3.567388002135477576e-01
-3.808318098639039695e-01
-4.094879079956975643e-01
-4.338481050663296479e-01
-4.539768105841140433e-01
-4.752054086551245060e-01
-4.970825724072471252e-01
-5.058802119634162597e-01
-5.075918816911734188e-01
-5.026621055989592968e-01
-4.916697231951071556e-01
-4.921334379525234004e-01
-4.925191508347980252e-01
-4.998836075191130934e-01
-5.258868970345437210e-01
-5.651980774145293207e-01
-6.013407106108384914e-01
-6.192503878670867490e-01
-6.230933730246609459e-01
-6.295304840618002329e-01
-6.500971832096646974e-01
-6.837709660976202253e-01
-7.267708327219026820e-01
-7.875036880406158790e-01
-8.537268120545973282e-01
-9.439614922391960095e-01
-1.034083386583325215e+00
-1.138476419734856471e+00
-1.245599585944015208e+00
-1.313033122953450871e+00
-1.341237639279802885e+00
-1.354628342289033505e+00
-1.373627687293804245e+00
-1.413601338288188236e+00
-1.485638316939128956e+00
-1.547422975246674159e+00
-1.563784304875943887e+00
-1.561517406052805201e+00
-1.579615956963100087e+00
-1.610715021820383175e+00
