0.000000000000000000e+00
3.010207713396471918e-02
1.003670389133629604e-01
1.919570764040335609e-01
2.469527630334016621e-01
2.795143858877218168e-01
3.466628026069907831e-01
4.498554264895927579e-01
5.405797635917962696e-01
6.200990931811471985e-01
7.120287451350564289e-01
8.146903523891435572e-01
9.211696706903393927e-01
1.026806723521385578e+00
1.116233578202044274e+00
1.261185916233340754e+00
1.344606365632505574e+00
1.364365005306106493e+00
1.385983530206667425e+00
1.380635544135351056e+00
1.360256163225054493e+00
1.389101879824736319e+00
1.479348333165082297e+00
1.598214074011214070e+00
1.689911911053865845e+00
1.747411773273853886e+00
1.752010342673306909e+00
1.769649864706766440e+00
1.788695475519120226e+00
1.813542523557038377e+00
1.839195220429685973e+00
1.867724770145134494e+00
1.899730095139888109e+00
1.912817541155505952e+00
1.931242075246867307e+00
1.919218631916370210e+00
1.908332902531523434e+00
1.923902911521475634e+00
1.954354062500614164e+00
1.980693910813364544e+00
2.014141327687831939e+00
2.043360331617272596e+00
2.062180920119542460e+00
2.087058226917786641e+00
2.101317437594691917e+00
2.042389704745131151e+00
2.164675701122041662e+00
2.484451841335828970e+00
2.624170307815346881e+00
2.541159912354451933e+00
2.633770222504334679e+00
2.408676645382233250e+00
2.260528319935125818e+00
2.233587732633067535e+00
2.272136970928082977e+00
2.298439742973678257e+00
2.320416745621056265e+00
2.340658548968602481e+00
2.344759717310947345e+00
2.341665664726377383e+00
2.348240743416727838e+00
2.360177046457109462e+00
2.372299071144569282e+00
2.415411678389624228e+00
2.457844399372899336e+00
2.516511782666577268e+00
2.560574797875373676e+00
2.596664531028008760e+00
2.554426761845875138e+00
2.443644492840016280e+00
2.285817072318818699e+00
2.210842353949534100e+00
2.181607241620405979e+00
2.213238805299774459e+00
2.293460204219617271e+00
2.365792964288900180e+00
2.420951982598793073e+00
2.460462297996831804e+00
2.522412889326547170e+00
2.613457028428665563e+00
2.671930081567446713e+00
2.681382231486884038e+00
2.687785213930616202e+00
2.647797254250893406e+00
2.617781914769160778e+00
2.633157307435172179e+00
2.649873325491141074e+00
2.639963941908439971e+00
2.576716706879079943e+00
2.498752161328601673e+00
2.415340353111261162e+00
2.342871291863471761e+00
2.265610794792943583e+00
2.177039963795222910e+00
2.135039855913049678e+00
2.077854735424980337e+00
2.000782875069004429e+00
1.922560315712733559e+00
1.865322875762134736e+00
