0.000000000000000000e+00
8.046318198252079903e-03
-4.945202132717398114e-02
-3.012705467408188786e-02
-8.713284373182236808e-03
-9.431194154740203672e-03
-5.006787704069781686e-02
-7.786334046979442869e-02
-8.968878662394012824e-02
-9.343806256139067234e-02
-1.033578110066175476e-01
-1.127610436060254295e-01
-1.160149405587010962e-01
-1.155578939271410394e-01
-1.133165899920771935e-01
-1.118081113430063889e-01
-1.206444307048946396e-01
-1.273178108947436993e-01
-1.258185612512703333e-01
-1.171834787466306677e-01
-1.098683569182013625e-01
-1.072758782473993006e-01
-1.037000812251481496e-01
-9.803533796830743441e-02
-9.766155634763863669e-02
-9.903730053196008187e-02
-9.544156813607475309e-02
-8.629638518727478225e-02
-7.298760106007091963e-02
-6.334472668117545335e-02
-7.057268900129905209e-02
-8.768160614758495341e-02
-9.627848278832326634e-02
-8.871852152030290650e-02
-7.233193073140653517e-02
-5.311180431377428290e-02
-4.914388675421233615e-02
-6.099756290893904725e-02
-7.484624978301379628e-02
-8.455192284211515696e-02
-9.828317373826665759e-02
-1.068664562540927176e-01
-1.086764627851179582e-01
-1.043375209454143610e-01
-9.609906338160342787e-02
-8.003664636855035985e-02
-6.435263287946958732e-02
-5.960608959147997710e-02
-6.528866253060010283e-02
-7.098366342734785395e-02
-7.899196782116675586e-02
-9.914722018576878348e-02
-1.269417183005122629e-01
-1.578043491888834193e-01
-1.818256337614060913e-01
-1.977156282275562560e-01
-2.061659974056565259e-01
-2.101834171258234740e-01
-2.129277723629640906e-01
-2.190906137068119597e-01
-2.389723814707601091e-01
-2.579474723907841938e-01
-2.785701279985489665e-01
-3.003211850863551358e-01
-3.185606234964289407e-01
-3.320394923214443628e-01
-3.322240664018507594e-01
-3.291599237031291314e-01
-3.124551138849830378e-01
-3.055527980789439768e-01
-3.231940075420867142e-01
-3.522397536312716348e-01
-4.029506391004611388e-01
-4.628214675095400077e-01
-4.909975921441154245e-01
-4.866896023821180028e-01
-4.727224665459512365e-01
-4.680344211143674937e-01
-4.848536428724269931e-01
-5.195348632785925513e-01
-5.623925494591978103e-01
-6.321117785775814957e-01
-7.116421546560571798e-01
-7.971791787495231540e-01
-8.859478249860267551e-01
-9.834447021474765904e-01
-1.078959971627891923e+00
-1.148927044255485308e+00
-1.167437448352160345e+00
-1.171773246600556595e+00
-1.207645019890628557e+00
-1.258572912910127517e+00
-1.292453616973369135e+00
-1.310131643540842106e+00
-1.336107188781121557e+00
-1.369020797429077785e+00
-1.386393635899116905e+00
-1.383093552188745301e+00
-1.365246777055676652e+00
