0.000000000000000000e+00
1.213141363872162481e-02
-8.472504520146961760e-02
-9.034463915624063590e-02
-6.224219725133279396e-02
-6.208192434082793199e-02
-9.322063595500254540e-02
-1.310389284438931157e-01
-1.737636337683582666e-01
-1.942713010056193734e-01
-2.066506584898762378e-01
-2.133122005706897806e-01
-2.080957662842918832e-01
-1.977246510811183633e-01
-1.932616295662564210e-01
-1.942571581942739711e-01
-2.016182768851609020e-01
-2.069612886539372032e-01
-2.043022515020895269e-01
-1.975533447548846744e-01
-1.913132719575368623e-01
-1.803674973459223896e-01
-1.656840382721261329e-01
-1.584970236709145885e-01
-1.588997134529484545e-01
-1.611818489929507381e-01
-1.636898067369135512e-01
-1.581274218379589147e-01
-1.478991596701345057e-01
-1.410491651435102634e-01
-1.424826520835117405e-01
-1.518074893424329330e-01
-1.601293982151216211e-01
-1.584888242446891304e-01
-1.488045738319702382e-01
-1.356981238633596654e-01
-1.309568325382854115e-01
-1.359664367216659731e-01
-1.492178375006671387e-01
-1.524494626605080727e-01
-1.518652280749363814e-01
-1.472260913184836595e-01
-1.401700095661794487e-01
-1.317188821123285725e-01
-1.264118299102505172e-01
-1.213537846941068893e-01
-1.174118983668092780e-01
-1.257648712075941089e-01
-1.467722657166115330e-01
-1.660530265632748081e-01
-1.802355950956392450e-01
-1.960322208927056109e-01
-2.173547997436779955e-01
-2.348114567637479277e-01
-2.452570608067179692e-01
-2.536273430605799351e-01
-2.640277627711747899e-01
-2.760457261845954413e-01
-2.864499597615576265e-01
-3.066624577629883941e-01
-3.285457651006569169e-01
-3.505497229714862328e-01
-3.724794673191872407e-01
-3.969253388643638747e-01
-4.204486765408965154e-01
-4.271546760358115313e-01
-4.158906709668745982e-01
-4.105082417419833596e-01
-4.071312623756068172e-01
-4.036252751445220666e-01
-4.098181114337430264e-01
-4.351103595242640787e-01
-4.855582629520668325e-01
-5.470552367529309956e-01
-5.971405388279227289e-01
-6.171983122382607156e-01
-6.133260003891403134e-01
-6.020526372507030155e-01
-5.989298624873526933e-01
-6.262898924171205195e-01
-6.611205014966309301e-01
-7.076557291940386296e-01
-7.861455363474207925e-01
-8.742464774607863198e-01
-9.662291574848331788e-01
-1.059440407014563768e+00
-1.143672656339809635e+00
-1.220690254550521381e+00
-1.293001911206443033e+00
-1.334967439953089752e+00
-1.338764085925524316e+00
-1.360950748785045405e+00
-1.397748378752854403e+00
-1.424730002144090957e+00
-1.443372100039115979e+00
-1.462390392952829909e+00
-1.481594751181612546e+00
-1.503762134650586280e+00
-1.525730614778944227e+00
