0.000000000000000000e+00
-1.167670526764587186e-01
1.660804527045914303e-02
1.188110727116175602e-01
1.775221708597578274e-01
2.113973357837097833e-01
2.403764159722080462e-01
2.950027511401294711e-01
3.642280931326750681e-01
4.626949880181234764e-01
5.674597502805287519e-01
6.660383988179807702e-01
7.443031677488864961e-01
7.899008096312146732e-01
8.198028249473161555e-01
8.731134219069942581e-01
1.005407856267021227e+00
1.039128810560324023e+00
1.013537990940076128e+00
9.931623400077240760e-01
9.659600374496434272e-01
9.862692482889123813e-01
1.024697868351850616e+00
1.019135975237972946e+00
1.009592857130189536e+00
1.012984679514267183e+00
1.020172030178835731e+00
1.036718496149596103e+00
1.061095791889280271e+00
1.085550447067602953e+00
1.104757432052987154e+00
1.119389554466849068e+00
1.112739677372472702e+00
1.087905008227933568e+00
1.065685845255198494e+00
1.050783463546653751e+00
1.035065555423641870e+00
1.017155574541147134e+00
9.948452777908077804e-01
9.741258492852762352e-01
9.626537282704328291e-01
9.728255933176122028e-01
1.001507959499365663e+00
1.020168647632094361e+00
1.066622187179548487e+00
1.073371350115230438e+00
1.118532914184779736e+00
1.206807329333865475e+00
1.293758279507583264e+00
1.327003370025108486e+00
1.159944836854584160e+00
1.044301642001747688e+00
1.027332300448684066e+00
1.060227859469103917e+00
1.096711369519734136e+00
1.120727994460130272e+00
1.128311959053319491e+00
1.121878505845270713e+00
1.109739274030830725e+00
1.092133557504533226e+00
1.057860286813489203e+00
1.016321683557161570e+00
9.694351406805366000e-01
9.248569655084574181e-01
8.798893938601946019e-01
8.115176678673536870e-01
7.099523450127770419e-01
5.267927543055145323e-01
3.949121170751507259e-01
3.380413208223290722e-01
3.006535631421052290e-01
2.972368431620992513e-01
3.805156337014297119e-01
4.724311233045028757e-01
5.398316828352429653e-01
5.858655007032455009e-01
6.247408293185208183e-01
6.328834691300116999e-01
6.475508217044138037e-01
6.612498803751758469e-01
6.645358377325727428e-01
6.479119250833962340e-01
6.199795280384526874e-01
5.952277822340518165e-01
5.773584094563917191e-01
5.530004354937259059e-01
5.258166777579728057e-01
4.541869844369871290e-01
3.375786317352384991e-01
2.130512821228119358e-01
1.284519911122394831e-01
4.790023708630447574e-02
-4.341528440509204168e-02
-8.545577281959329530e-02
-1.292479321375928081e-01
-2.033817030056531694e-01
-2.658384011516631840e-01
-2.987694754728641988e-01
-3.304840462549421543e-01
