0.000000000000000000e+00
-1.394425475254125746e-01
-1.861615737536186921e-01
-1.469135119841009640e-01
-1.229244565803536693e-01
-1.338242732317460326e-01
-1.618697430355722500e-01
-1.891451700806497382e-01
-2.007826393163313072e-01
-1.728209186544524545e-01
-1.235450656266474656e-01
-6.712166131902425059e-02
-8.903305228353058931e-03
5.184663302844624844e-02
7.807782329617496409e-02
1.220418933138129602e-01
1.928163856118115804e-01
2.428737928749424291e-01
2.463311546801756347e-01
2.122807369204293138e-01
2.194994107216878265e-01
2.443644134754680564e-01
2.444331964562516668e-01
2.356328248792001478e-01
2.266546056465525150e-01
2.016451430557844038e-01
2.045812462819883437e-01
2.265182692678943954e-01
2.485131920028768870e-01
2.684242815367683388e-01
2.783142746468457718e-01
2.880480206241375907e-01
2.926661394003972072e-01
2.829861401865065851e-01
2.392550585327974377e-01
2.040460349951886965e-01
1.820255859532718123e-01
1.677804443033926174e-01
1.503734647119127077e-01
1.326925562920385215e-01
1.231898574255620993e-01
1.026004712486136006e-01
1.010612360364527840e-01
7.575502110578197223e-02
1.039466496107357418e-01
1.356779446091456731e-01
6.280107164669729292e-02
3.469587673084134627e-02
4.153094799236373147e-02
2.188971915867288232e-02
-2.954596768079426061e-02
-6.974607959040449168e-02
-6.389377100929738429e-02
-2.996446520421028326e-02
-1.141472814401522928e-02
-2.138948083535957556e-02
-4.094811551588134479e-02
-6.700579531358835661e-02
-7.246853276410600286e-02
-5.712700268365555889e-02
-4.238220192622832450e-02
-3.651084580638511157e-02
-5.229201336929256705e-02
-8.109877597624040590e-02
-1.157373656053294897e-01
-1.686521136039342283e-01
-2.385013136066190254e-01
-3.163029883090000549e-01
-3.646909098604024235e-01
-3.974443253063376091e-01
-4.257254314847051524e-01
-4.444255093577325622e-01
-4.632790238675528749e-01
-4.709715682200124043e-01
-4.552127875079759467e-01
-4.124757930599595168e-01
-3.566549999105823598e-01
-3.144314631851359287e-01
-3.274058293598355318e-01
-3.782664218442957083e-01
-4.134484803209594328e-01
-4.145319828722657252e-01
-4.079765716433481626e-01
-4.374151248609704501e-01
-5.193254560259544794e-01
-6.345576799745966667e-01
-7.595553611621691514e-01
-8.881487797069680390e-01
-9.851550931486434681e-01
-1.059754645679375162e+00
-1.100016769948002793e+00
-1.156418322169742385e+00
-1.200287987032748305e+00
-1.249347222114952194e+00
-1.304154258430576085e+00
-1.352880625346841281e+00
-1.382411819920118745e+00
-1.415091128993164027e+00
-1.450076311882784408e+00
