0.000000000000000000e+00
-7.352098027655779022e-02
4.704243571747798724e-02
1.833585603731376357e-01
2.534836361257283288e-01
3.131546042094569549e-01
3.627026574968730266e-01
4.178702402901568469e-01
4.844025463468968895e-01
5.692734793578777541e-01
6.823286601893443493e-01
8.047218394454058732e-01
8.904665180411195369e-01
9.378769136376465809e-01
9.804071207986359004e-01
1.047144033841003408e+00
1.152661553404501271e+00
1.155475902390704190e+00
1.140999003946323365e+00
1.115225389601019135e+00
1.112428755695719085e+00
1.196596478052051493e+00
1.188115233126545656e+00
1.171555874540963549e+00
1.197038989616519888e+00
1.217038495982553759e+00
1.221408611729742244e+00
1.229961293515536624e+00
1.252996127058069176e+00
1.286678655986228659e+00
1.300156896132600659e+00
1.288895769749271558e+00
1.265605150795961809e+00
1.242944215675748865e+00
1.244958736576801339e+00
1.245749564223330275e+00
1.221843514126566888e+00
1.197918846571263352e+00
1.202069875717052705e+00
1.220910237567428558e+00
1.235420936363871736e+00
1.260034600286355388e+00
1.310118867104777429e+00
1.344917844080379066e+00
1.337782339993454084e+00
1.274696889448207360e+00
1.240908158740256173e+00
1.321425406065769526e+00
1.231091381195626555e+00
1.235418507237664221e+00
1.296924809293516168e+00
1.233184950697861382e+00
1.150044591624185264e+00
1.140786601856608407e+00
1.180286502713481900e+00
1.229331175915169716e+00
1.260184487665704900e+00
1.274481456311745475e+00
1.281900175770818162e+00
1.270548553663420233e+00
1.252593110009397437e+00
1.223245889011372212e+00
1.185167266670357877e+00
1.137127904447221782e+00
1.096914543889018878e+00
1.079381393143814316e+00
1.033229025328599615e+00
8.877016381085166552e-01
7.448673361880170374e-01
6.498763839625759653e-01
6.023181824350041236e-01
6.137082365505479586e-01
6.605232843999536696e-01
7.898475966645304158e-01
8.968540959401773982e-01
9.714052448513236238e-01
1.019518244537186424e+00
1.053406533048959481e+00
1.071989502032527630e+00
1.082444854178984617e+00
1.069848722637573912e+00
1.060644081191321586e+00
1.052436259833988474e+00
1.006416936911693538e+00
9.528431264830160563e-01
9.270039980961258808e-01
8.741976456061285594e-01
8.097952213530835719e-01
7.121486211537224609e-01
6.157164677641318029e-01
5.197065407490542022e-01
4.559116967936713283e-01
3.845507341312675020e-01
3.251380563415332547e-01
2.819210413272263405e-01
2.140116519378967574e-01
1.538604527627049634e-01
9.839652703354101471e-02
3.471338149842537191e-02
