0.000000000000000000e+00
-4.163189257801706844e-02
-6.661111386494664166e-02
-1.022643422796639112e-01
-1.740143352586736580e-01
-2.554811184033739524e-01
-2.951391237207524609e-01
-3.135432718885706183e-01
-3.324381888319475342e-01
-3.513179102418688138e-01
-3.585999180433889766e-01
-3.499278613658606263e-01
-3.235249464746409731e-01
-3.063254493644567145e-01
-2.991411278062890977e-01
-2.966144485335289183e-01
-2.953584254658200292e-01
-2.938863640049208525e-01
-2.926172936252907086e-01
-2.993528107839782404e-01
-3.092967596525065255e-01
-3.185860235384957440e-01
-3.217891466810979262e-01
-3.184808189404380596e-01
-3.026193312069257457e-01
-2.844128692751362597e-01
-2.759899099301564296e-01
-2.688359793277812493e-01
-2.508367212510136390e-01
-2.342566815416605164e-01
-2.365168564113079297e-01
-2.332160062031462811e-01
-2.254048703429645251e-01
-2.293317579206582690e-01
-2.406299178764663982e-01
-2.555607958845742544e-01
-2.594604357919527704e-01
-2.495321408007852015e-01
-2.540405749655255674e-01
-2.645100369616353309e-01
-2.734488278981000997e-01
-2.757526928203680172e-01
-2.711414570048394923e-01
-2.601702052721746594e-01
-2.420512271402178728e-01
-2.227601367573338598e-01
-2.126173850309351077e-01
-2.183795756755082529e-01
-2.233014146712198889e-01
-2.257494559750356511e-01
-2.439093635776314051e-01
-2.731642580187725322e-01
-3.091516676762856575e-01
-3.485267207148680102e-01
-3.752826727251922234e-01
-3.952881161625801942e-01
-4.112336317634560645e-01
-4.268147044662379264e-01
-4.377410454869764544e-01
-4.443130768979441925e-01
-4.639955172431249331e-01
-4.894215709506477552e-01
-5.104256742156760840e-01
-5.316539769377597313e-01
-5.530685799706820394e-01
-5.688849701017880678e-01
-5.717885647091863754e-01
-5.671775780547633206e-01
-5.493574729749191032e-01
-5.223803202148276092e-01
-5.081825096394239072e-01
-5.003701810859404464e-01
-4.939770910480005273e-01
-4.910941345112367351e-01
-4.937709627329299189e-01
-5.215323848202032542e-01
-5.649900171916690805e-01
-5.965065854120796818e-01
-6.136934368190508637e-01
-6.326074196407863726e-01
-6.686799910380798462e-01
-7.144455495875020601e-01
-7.662498496887790722e-01
-8.172747128907892344e-01
-8.647019909447517527e-01
-9.035208295913604859e-01
-9.479537252084748733e-01
-1.027206108234339998e+00
-1.148211245488998777e+00
-1.262614508441622263e+00
-1.279136331633138113e+00
-1.222603721395777665e+00
-1.274700038349057651e+00
-1.364011621798197904e+00
-1.448425264216023356e+00
-1.515307718062842923e+00
-1.553591323591867468e+00
-1.550893679921191204e+00
-1.497548881022002787e+00
