0.000000000000000000e+00
2.315600398538794624e-02
3.596251842847117408e-02
1.248535922933183551e-01
1.904047216180821678e-01
2.171433613084862713e-01
2.648934172610798443e-01
3.576820475487504369e-01
4.862154251791191983e-01
6.044607222717759409e-01
7.309730595966674738e-01
8.406715569036566915e-01
9.316821021988886953e-01
1.015717297567694688e+00
1.121185736350039486e+00
1.235327998034502217e+00
1.309749575685576595e+00
1.334717999602673233e+00
1.381121974844323530e+00
1.442170217258130771e+00
1.499709796113582794e+00
1.525828902292917677e+00
1.475910604218524824e+00
1.504894140675006486e+00
1.564148354158053866e+00
1.573625087631848940e+00
1.555668359662982114e+00
1.573643391464963237e+00
1.614741208778827319e+00
1.634650781316878909e+00
1.645704471665571544e+00
1.656903882966780150e+00
1.665512325128844839e+00
1.672741047792719149e+00
1.699172162629792870e+00
1.694077688482885202e+00
1.666616534481459855e+00
1.665482193871991923e+00
1.690736402456446852e+00
1.720428923609873095e+00
1.767450156882660606e+00
1.815730496411875672e+00
1.863635344922918602e+00
1.881213125180424717e+00
1.850120813309543255e+00
1.846273821268935578e+00
1.827975944885869231e+00
1.940811621822171151e+00
2.092050659014499381e+00
2.075149244625098088e+00
1.860857637168607637e+00
1.792507591676850032e+00
1.739691032476581967e+00
1.720840744687278878e+00
1.775356254930655409e+00
1.813225199764239237e+00
1.863511297188912952e+00
1.924003023022657688e+00
1.964173518533659957e+00
1.985988316181769076e+00
2.004652441412683839e+00
2.020767536649960228e+00
2.037810939223291040e+00
2.070937270613030456e+00
2.065185084204314236e+00
2.121358918462943333e+00
2.209737609428590321e+00
2.106340294386464418e+00
1.881567046899513374e+00
1.597454552834244978e+00
1.574223064842917852e+00
1.626528036175758363e+00
1.668260664658457904e+00
1.734966897200023617e+00
1.809947724421543391e+00
1.871424105519461145e+00
1.911382625871681284e+00
1.923523546201121981e+00
1.955610334320383226e+00
1.997865616140398703e+00
2.018294162785222223e+00
2.028719844837554742e+00
2.034083189570473404e+00
2.019506577660957092e+00
1.992256775649194456e+00
1.951735123190373455e+00
1.935157259519063810e+00
1.912366383978653994e+00
1.825923710209290007e+00
1.730302748608921970e+00
1.653707758688430118e+00
1.575966971251297810e+00
1.503993104697810335e+00
1.460457697700788371e+00
1.451153685897281109e+00
1.422969838896179118e+00
1.334804023481682034e+00
1.211686146781618234e+00
1.171939533918408438e+00
