0.000000000000000000e+00
-1.595909358662502275e-01
-2.565866848904896358e-02
1.164814378527282424e-01
1.932732667595190024e-01
2.451934686273825881e-01
3.110528898683257992e-01
3.912490846560077173e-01
4.684415994763750923e-01
5.632944070020923233e-01
6.699955770151742040e-01
7.780099317683698557e-01
8.618816301325694651e-01
9.088007061843593748e-01
9.356229051856502776e-01
9.961847445702357584e-01
1.120524087082258369e+00
1.113876308553490402e+00
1.077115035404369925e+00
1.059740006767080134e+00
1.058879773459260543e+00
1.115686139013099876e+00
1.148605415856733591e+00
1.123481882267592935e+00
1.114838959674763652e+00
1.151624693939104160e+00
1.173400752625200383e+00
1.197751076016075444e+00
1.233019452466499910e+00
1.257727245261270888e+00
1.275800584916420233e+00
1.275844515040558402e+00
1.263349695556076568e+00
1.232761056425096813e+00
1.214168478898180581e+00
1.219479939189145101e+00
1.240055676427846310e+00
1.231873574082114065e+00
1.212544322945114272e+00
1.210099142480570933e+00
1.223197263899492793e+00
1.250177637687910126e+00
1.312163739987784350e+00
1.374382295505375273e+00
1.335032575392452570e+00
1.277822066718266036e+00
1.277695199332274045e+00
1.259359870003148751e+00
1.233671746743793207e+00
1.264730536430437091e+00
1.290290515025595663e+00
1.254605610462697474e+00
1.142871055727911145e+00
1.097897766002600362e+00
1.108483752537158251e+00
1.148469078440207403e+00
1.170329119097022197e+00
1.182166934848575046e+00
1.201050976541274018e+00
1.226841529431765832e+00
1.219768932119013494e+00
1.197198665169832088e+00
1.162767503052465123e+00
1.122414733783127616e+00
1.109789762344564723e+00
1.128664442021778846e+00
1.046806947510666719e+00
8.547241630944488744e-01
7.683826696647715337e-01
7.051438500284330502e-01
6.325819074631557903e-01
6.081544300693513261e-01
6.517667215790112767e-01
7.963839566305433992e-01
9.040239901190341154e-01
9.707062621641038280e-01
1.036919674584568574e+00
1.103808843907811088e+00
1.137637377532279892e+00
1.150514634295441985e+00
1.139604093123842032e+00
1.114262663001619469e+00
1.087028827852797752e+00
1.045326195059063323e+00
9.851466643496235021e-01
9.387589231551697333e-01
8.885676107554552061e-01
8.188547481719719023e-01
7.262316654042915154e-01
6.215573252655224312e-01
5.035745440024409492e-01
4.163321316760237867e-01
3.332250327003264401e-01
2.962542194391567518e-01
2.846309560560445484e-01
2.528899830767927237e-01
2.027703838651508383e-01
1.469042211593207803e-01
1.049600213169153279e-01
