0.000000000000000000e+00
-1.612372584115313034e-01
-1.585993159027013766e-01
-1.135788590878277216e-01
-9.819727218121787615e-02
-9.251070921234372246e-02
-8.324979026362813728e-02
-6.513529646653040683e-02
-3.862494162369911610e-02
1.665440967964582075e-02
9.385952722206325483e-02
1.797707643655678533e-01
2.490599813272983132e-01
3.122046284259498705e-01
3.433390750767284505e-01
3.711073527787788762e-01
4.518702485549527803e-01
4.592728626817521587e-01
4.193419018314321622e-01
4.044162684377846650e-01
4.105410087564472232e-01
4.059383415563153630e-01
3.718749694207416634e-01
3.758302695964431117e-01
3.673415109581705806e-01
3.458005655759864294e-01
3.493168723740569526e-01
3.667328261694725589e-01
3.906680559810927766e-01
4.161056759151448015e-01
4.390861333962948754e-01
4.674904390887875127e-01
4.887137507209065590e-01
4.932818815515345734e-01
4.725470983263504454e-01
4.446583684000317005e-01
4.215428318100372107e-01
4.162263204245196802e-01
4.070866894348951770e-01
3.848835926967688614e-01
3.635358695626008108e-01
3.422900784586260237e-01
3.381108387335955978e-01
3.143533631637122072e-01
3.293550080761279419e-01
3.335787606055816146e-01
2.742475597778589735e-01
2.671105292708459977e-01
2.851605747874486063e-01
2.261225888255804506e-01
1.515063892326574124e-01
1.258271760866729871e-01
1.385278718228645789e-01
1.814683681374071322e-01
1.979903833154080806e-01
1.927556375357275531e-01
1.824967246935668141e-01
1.825045393588150822e-01
1.880718355737076852e-01
1.888988197886508069e-01
1.817060396092115004e-01
1.665394003914255350e-01
1.330660580825444583e-01
9.301948958122535638e-02
5.150347195299095904e-02
-1.976130607597936795e-03
-7.620314032938757531e-02
-1.775244478319646935e-01
-2.330281516865209124e-01
-2.664507675750305560e-01
-3.034341745887587649e-01
-3.232471221571946995e-01
-3.079761738858662889e-01
-2.636503724040498153e-01
-2.304136473113341799e-01
-2.159342291440057848e-01
-1.981794217513933032e-01
-1.712516555884749103e-01
-1.686455726011219514e-01
-2.127452570884661998e-01
-2.460837196359091650e-01
-2.503325143794463137e-01
-2.395693528305483377e-01
-2.426488660233770411e-01
-2.863801895171509404e-01
-3.772122960106450984e-01
-5.032548812069052024e-01
-6.498951186133989921e-01
-7.863112893339575526e-01
-8.479799087064422425e-01
-9.227828609817727568e-01
-9.777550506348599013e-01
-1.020550827344500977e+00
-1.063193818036152427e+00
-1.100045382831982499e+00
-1.125051423064972633e+00
-1.138333011976860432e+00
-1.173846568812728863e+00
-1.198428041894318730e+00
