0.000000000000000000e+00
7.121117991987911677e-03
-2.737620751029801180e-02
8.159211926782844460e-03
5.214392257368233308e-02
6.153524574663024604e-02
5.824262763309470681e-02
5.100828120116313036e-02
5.108124659633828113e-02
7.794196279391282789e-02
1.314305583720009052e-01
2.105870367897009210e-01
2.856727106312345610e-01
3.300080345427914841e-01
3.553753470352961630e-01
3.875696766258621140e-01
4.537484052723812500e-01
4.992637826469853435e-01
4.976499612794502703e-01
4.714527054199905143e-01
4.534046707770983398e-01
4.583759466310927677e-01
4.835733896521608455e-01
5.060360395020260249e-01
5.212538892432505566e-01
5.088397962724107160e-01
5.043032924834612851e-01
5.137040718737744260e-01
5.344963282986331388e-01
5.558458795387453133e-01
5.702192144255496808e-01
5.734450793547558600e-01
5.779956831245054438e-01
5.588004024188689689e-01
5.294296191428566889e-01
4.932370231938034144e-01
4.758771235171020964e-01
4.732556438487964257e-01
4.742624148990816080e-01
4.703047711571582412e-01
4.591946848646527579e-01
4.497834497541935983e-01
4.399615526753986039e-01
4.357673866653233308e-01
4.537824406301683711e-01
4.874073629452220224e-01
4.411266626385231815e-01
4.050905405000619908e-01
3.910164907198078188e-01
3.578701159335329063e-01
3.236165926486866962e-01
2.901089798964905375e-01
2.896891822639573455e-01
2.950878127231810755e-01
2.882802202754353171e-01
2.682097468189356126e-01
2.462655598938788826e-01
2.326028709263657235e-01
2.229431890509455672e-01
2.232089404512064557e-01
2.240530646939358217e-01
2.185320804709329490e-01
2.083923955552083040e-01
1.901739270353910161e-01
1.593507829307806989e-01
1.179684277638665124e-01
6.593253419621258882e-02
5.899100420458991412e-03
-4.229560683865846160e-02
-7.812236644806452857e-02
-1.080821527690443706e-01
-1.187947937159932743e-01
-1.063492474175097846e-01
-6.161229571980234021e-02
-2.573157928147218332e-02
1.882575013162673949e-02
3.569084176026784960e-02
8.910121860177089292e-03
-5.350213856657606848e-02
-1.201936522542271790e-01
-1.251709510182821283e-01
-1.156091778894509925e-01
-1.249297149004399143e-01
-1.586059788994723663e-01
-2.291402302172687588e-01
-3.663385521908163467e-01
-5.305451458674342868e-01
-6.531844064350562640e-01
-7.333755041441722966e-01
-8.065698345743121944e-01
-8.616518335723657440e-01
-9.079691862060054186e-01
-9.381206724675206221e-01
-9.783657187472909467e-01
-1.033785479476156510e+00
-1.089668201663896774e+00
-1.121682496759342396e+00
-1.151428871314385871e+00
-1.193025175492899548e+00
