0.000000000000000000e+00
-2.494296410118892471e-01
-2.928585524040063781e-01
-2.243784032939846740e-01
-1.921429588535425725e-01
-1.584032430095640986e-01
-1.056970359662377512e-01
-4.897570662225553262e-02
3.486383391967656786e-02
1.479045297645778800e-01
2.651471403237609659e-01
3.765551523696122338e-01
4.655616723290044168e-01
5.207114162212012065e-01
5.467469492945244980e-01
5.761664829396743182e-01
6.497063826562788913e-01
6.806239172889748668e-01
6.519354410277040657e-01
6.199779795983983988e-01
6.132655091409601189e-01
5.999867084834680231e-01
5.609249933086098983e-01
4.994711770804211026e-01
4.359333674782495116e-01
4.079053648076441108e-01
4.286268161091338902e-01
4.535045693341717143e-01
4.812110575743341334e-01
5.099311658255694102e-01
5.360163687566721347e-01
5.607256343574167357e-01
5.858118152141257307e-01
5.746424038160949932e-01
5.479266571692418264e-01
5.149324513716826424e-01
4.966030338788933740e-01
4.997199392265387896e-01
5.021768021405290661e-01
4.906966386002890035e-01
4.846510186140440268e-01
4.871726856637566550e-01
4.826411264756017561e-01
4.544594518070356748e-01
4.735322655955314652e-01
4.782430757365651042e-01
4.774158115231403321e-01
5.013839338623018449e-01
5.641350747117873654e-01
5.145685569446349916e-01
4.701748505439966586e-01
3.927794262320089547e-01
3.728199694451689861e-01
3.921139585804074290e-01
4.019151665439292254e-01
3.999396008731634367e-01
4.065814041300089277e-01
4.116445282751080570e-01
4.069207992737725599e-01
3.833060560732070576e-01
3.586995655011726569e-01
3.321681601764451264e-01
3.009939938744998766e-01
2.711103954446126285e-01
2.408860335826150390e-01
2.038280730606404079e-01
1.355117460721302902e-01
-4.657514095021081379e-02
-1.683924614923721363e-01
-2.362549857062748448e-01
-3.006964337594018599e-01
-3.154616932434076704e-01
-2.502662971286427340e-01
-1.559875659178662222e-01
-6.923306418232488824e-02
-4.588551492054693259e-02
-3.041780406887942267e-02
-3.301919194152572179e-02
-3.421935413689597416e-02
-9.025932601603900429e-02
-1.461702849099524304e-01
-1.801879709683892328e-01
-1.953430264421568419e-01
-1.931526199971613789e-01
-2.164075316043863606e-01
-2.728107179112674308e-01
-3.686524053518744348e-01
-4.944033280049364709e-01
-6.187411618021505522e-01
-7.311240791114299586e-01
-8.154504366830763740e-01
-8.635814082159287697e-01
-9.081403101053664439e-01
-9.611029979247268651e-01
-1.026632004022989264e+00
-1.081309742478760327e+00
-1.128046726534393862e+00
-1.166725211860718536e+00
-1.215891970284638912e+00
