0.000000000000000000e+00
5.337758289430391545e-02
9.709549029295844180e-02
1.815075210667418948e-01
2.278519477578825336e-01
2.297360334395483206e-01
2.789567856651390398e-01
3.929725044395326883e-01
5.019202756676113264e-01
6.062564060287767287e-01
7.175187868718708728e-01
8.186818131911466345e-01
9.197654185303580920e-01
1.038168785269459216e+00
1.139998169149163187e+00
1.268804683013638357e+00
1.353438315438076023e+00
1.373921365651025406e+00
1.411983107385804459e+00
1.401635876077008680e+00
1.430657712108419410e+00
1.423784835206055588e+00
1.456571541564419148e+00
1.524544879440680845e+00
1.616463613810448674e+00
1.688766947110214467e+00
1.708896280473276352e+00
1.733249571049077620e+00
1.749417659297407335e+00
1.750232249565665033e+00
1.762938250178708088e+00
1.774543299224876192e+00
1.826821173929234154e+00
1.870552531781863426e+00
1.896134062914267115e+00
1.911648041733474024e+00
1.930905923581361039e+00
1.962318885415109238e+00
1.994554624311766888e+00
2.034267203013917502e+00
2.077227161254090682e+00
2.103550552600298662e+00
2.111129874706440201e+00
2.115595142173353427e+00
2.117592457094801262e+00
2.028304565184579022e+00
2.196031555493086707e+00
2.505094184182353967e+00
2.469926267849331669e+00
2.461384831471816081e+00
2.463915093573281645e+00
2.243781580298906064e+00
2.122117987256247673e+00
2.078675416837469481e+00
2.111135099155868833e+00
2.124759555600339134e+00
2.147937827731954297e+00
2.152284692502959285e+00
2.133697540801400283e+00
2.145169326807632615e+00
2.177334124570865725e+00
2.192861422522565551e+00
2.195643585672720111e+00
2.228058173491243910e+00
2.247645825516771723e+00
2.332601207862083914e+00
2.392491749584559457e+00
2.328558490213148868e+00
2.206615803434347267e+00
2.100900554504746331e+00
2.006392393918031480e+00
1.983135802600351605e+00
1.956888138631265983e+00
2.032519625524217055e+00
2.108266680611858845e+00
2.161550364751807951e+00
2.180082952087436077e+00
2.200317248385215585e+00
2.235070280883030502e+00
2.302925879354272176e+00
2.391223528363449091e+00
2.450266998847790312e+00
2.426412862310144192e+00
2.368747700644150633e+00
2.328357770941869465e+00
2.332917301872478255e+00
2.305627868882848652e+00
2.293704330300845307e+00
2.233076902477202808e+00
2.173602836730681442e+00
2.104319275621530760e+00
2.022428574120416656e+00
1.909356440063921134e+00
1.852754036663679216e+00
1.816030889653842628e+00
1.768756664875482443e+00
1.677417944628217361e+00
1.580510148440762652e+00
1.563033815760555001e+00
