0.000000000000000000e+00
5.301007363026050134e-02
1.041209291513918167e-01
1.965916135726998026e-01
2.518848002523044194e-01
2.604655430343995048e-01
2.969090876420346081e-01
4.021476152943816995e-01
5.201177712954776489e-01
6.655613245411461376e-01
7.798549981551300414e-01
8.877621769925762019e-01
9.812363579240249711e-01
1.100356277111534276e+00
1.201936193337148628e+00
1.285184482592222288e+00
1.369190034198236816e+00
1.401123652047837398e+00
1.441961238847495386e+00
1.455881527467673298e+00
1.463301062425242494e+00
1.401961022926647260e+00
1.395694610755109810e+00
1.508062499396114253e+00
1.592946812538788448e+00
1.631741079462478927e+00
1.645463764267423024e+00
1.668122591153763157e+00
1.689088575864981845e+00
1.700671788371964199e+00
1.707726634541985034e+00
1.720188206637930151e+00
1.741390558842734748e+00
1.768155759086420309e+00
1.798745727776852821e+00
1.780452110813839806e+00
1.758238066271040623e+00
1.792370573252732413e+00
1.836670559714710826e+00
1.900138711635236843e+00
1.964198501209273751e+00
2.001804115780267956e+00
2.026755590326553502e+00
2.050574488946408813e+00
2.022806012051155289e+00
2.063010769960834434e+00
2.184542617104222373e+00
2.384265254465344430e+00
2.309908588996794965e+00
2.269230125772652595e+00
2.096468047210579222e+00
1.965879719194634667e+00
1.858022903047616303e+00
1.848101560667431587e+00
1.912427138379441560e+00
1.941339848294787229e+00
1.990074669775037997e+00
2.038188817613343140e+00
2.061514837761396102e+00
2.055964265010573833e+00
2.077841312680648311e+00
2.103802897572257802e+00
2.114281393447409396e+00
2.145894927111713812e+00
2.166768041111604592e+00
2.231913257818449292e+00
2.340484414630320309e+00
2.327237572865587634e+00
2.056069744658815424e+00
1.845046392931893653e+00
1.776611334872822745e+00
1.811787267467378726e+00
1.831227460005750984e+00
1.867400270890311909e+00
1.936206323073252467e+00
2.027215847576691488e+00
2.067609706705513695e+00
2.065591539618643058e+00
2.121623939530886016e+00
2.179801652590485528e+00
2.216556786605323737e+00
2.235659860559328305e+00
2.235002123657018114e+00
2.182272312145287163e+00
2.138784289267340100e+00
2.128324183622070098e+00
2.124742985511420379e+00
2.133930987830631842e+00
2.066292587105972967e+00
1.970659441551845026e+00
1.880108311159067069e+00
1.795265581580144154e+00
1.735572826891432774e+00
1.701343720076666788e+00
1.650412743426816098e+00
1.600065189312028791e+00
1.538350534387797008e+00
1.464729977382145609e+00
1.429552396985273477e+00
