0.000000000000000000e+00
-8.339525640454547445e-03
-9.433401900508149585e-02
-8.430922685636714486e-02
-7.009251931111194767e-02
-6.989385179558463279e-02
-9.641328517527386621e-02
-1.160954443978589601e-01
-1.267381039788326447e-01
-1.311568157790945488e-01
-1.444677136568287557e-01
-1.569953661485793961e-01
-1.612982279956578502e-01
-1.590950574237570969e-01
-1.578948584151304013e-01
-1.625911904893401483e-01
-1.698936662049309321e-01
-1.693672707431262137e-01
-1.640894771541575869e-01
-1.527737481780287176e-01
-1.444845657482122236e-01
-1.406774467098647063e-01
-1.344798427359550630e-01
-1.268021568135882238e-01
-1.244330898953981968e-01
-1.285351657446138218e-01
-1.296164839717341422e-01
-1.267031162117626120e-01
-1.174569461560793088e-01
-1.104286978059752788e-01
-1.155511950754724015e-01
-1.324341416297767360e-01
-1.447791722805795156e-01
-1.391735499502579909e-01
-1.240988021381340956e-01
-1.103377717371602507e-01
-1.039814947173085258e-01
-1.099471067145379038e-01
-1.266984031633978658e-01
-1.417017892051382899e-01
-1.511259762809477047e-01
-1.572935117721382670e-01
-1.606354791051417541e-01
-1.580900077814193505e-01
-1.519516951875402866e-01
-1.458949192674172668e-01
-1.401206952204670786e-01
-1.542677055970904099e-01
-1.733917161854522382e-01
-1.918397156049050090e-01
-2.096399489941171146e-01
-2.346360536926172524e-01
-2.670193951061130000e-01
-2.836072868114202228e-01
-2.947823935206518864e-01
-2.982191007585845988e-01
-2.984964714401078245e-01
-2.958946185594586442e-01
-2.947016302965662637e-01
-3.015018901320238864e-01
-3.140365865522238842e-01
-3.342718102604261277e-01
-3.557668084258297503e-01
-3.798506413849285779e-01
-4.024175345585223607e-01
-4.108778540058546369e-01
-4.114679536975895946e-01
-4.105641637296173485e-01
-4.066227875455102891e-01
-4.019172671311505574e-01
-4.047950303685180495e-01
-4.233548745458890483e-01
-4.748310155394957488e-01
-5.408374313818440360e-01
-5.950532408514200844e-01
-6.132044298413242833e-01
-6.054124399351171748e-01
-5.979373950377095959e-01
-6.158645536963819334e-01
-6.551521155491387693e-01
-6.977071840193640462e-01
-7.482209438754171549e-01
-8.132454276162986995e-01
-8.946469783214243687e-01
-9.900911317952281188e-01
-1.095077498733361798e+00
-1.188852833967112721e+00
-1.261820323814586864e+00
-1.300381912621892289e+00
-1.301966400559835479e+00
-1.319578657199591332e+00
-1.367272715953926410e+00
-1.436762288062962245e+00
-1.501389329867335976e+00
-1.534647211291557678e+00
-1.561386953035855951e+00
-1.595798116135411338e+00
-1.618771770996632053e+00
-1.583059391525544646e+00
