0.000000000000000000e+00
-3.865690957891506491e-02
2.744159227578130827e-02
7.760522066911412775e-02
2.439505866937974332e-03
-8.000087384697254778e-02
-1.218671487918133595e-01
-1.560621987140865530e-01
-1.878124478496592253e-01
-2.057281538098250095e-01
-2.113181855793372088e-01
-1.976391865473195453e-01
-1.816309066205468448e-01
-1.795530696899975132e-01
-1.777525593729621933e-01
-1.741640743803409275e-01
-1.720091923145875834e-01
-1.688773304952262688e-01
-1.630944789445822052e-01
-1.607477714351296383e-01
-1.656977722716760359e-01
-1.721925046390528069e-01
-1.750505599717225580e-01
-1.740673910786814660e-01
-1.698770692745417699e-01
-1.602087095339689848e-01
-1.446690974896241988e-01
-1.178494985276059559e-01
-9.733311257910878811e-02
-9.002311095508663819e-02
-9.732720256933065361e-02
-8.788512137766420207e-02
-6.977944547589406965e-02
-6.757860601275411661e-02
-7.531768458716045500e-02
-8.500831268654666928e-02
-8.758673526935542575e-02
-9.185542679936714583e-02
-9.166796304949401120e-02
-1.015472851012832606e-01
-1.031526396587340716e-01
-9.066891095276607970e-02
-7.199069178454495233e-02
-5.300705594445272867e-02
-2.844376259464991702e-02
2.387932439047517688e-03
1.936193389476577320e-02
3.155567900329785819e-02
3.491199530986528743e-02
1.981645462753333503e-02
-5.311292702293505044e-03
-3.642177648929044442e-02
-7.242834618206686614e-02
-1.066496534635192339e-01
-1.372793360153220510e-01
-1.665363902277589014e-01
-1.891135342082814474e-01
-1.989568644708092915e-01
-2.094122456993695036e-01
-2.259072690924087412e-01
-2.422923842954330942e-01
-2.742025214237298614e-01
-3.095668725326670701e-01
-3.362687648340296764e-01
-3.582481630837885955e-01
-3.753745268537712065e-01
-3.778278175615906176e-01
-3.576816124361874016e-01
-3.281141339154903802e-01
-2.969750343091087652e-01
-2.751234471719284924e-01
-2.728749985919742826e-01
-3.097983433472979997e-01
-3.663771349389179921e-01
-4.043693236626917931e-01
-4.330821929384436886e-01
-4.600011898072576266e-01
-4.843362169368449766e-01
-5.081728657294727336e-01
-5.326046462768631029e-01
-5.598587912709648284e-01
-6.007024846350496050e-01
-6.419150490634221162e-01
-6.668258187015363436e-01
-7.121757555226632119e-01
-8.146964484260981187e-01
-9.430061420916214798e-01
-1.042103698614011087e+00
-1.083932192079259949e+00
-1.090444513228112200e+00
-1.147632269261966265e+00
-1.239844284607922509e+00
-1.307927120949226918e+00
-1.379635926048852879e+00
-1.427120998569063826e+00
-1.435044692979133840e+00
-1.423098249539758831e+00
-1.400245298380594416e+00
-1.361731124858750475e+00
