0.000000000000000000e+00
2.157719409882881759e-03
-3.449932985828849802e-02
5.844488664221189622e-02
6.537818004635154168e-03
-8.010330176939174651e-02
-1.279220197946027426e-01
-1.383104625134097820e-01
-1.354635553636049095e-01
-1.358781191337604943e-01
-1.343431403477589048e-01
-1.223775192318163896e-01
-1.087557837137075600e-01
-1.061616373260812207e-01
-1.051854600787834326e-01
-1.140008616416870735e-01
-1.274993387001731315e-01
-1.403301015904074300e-01
-1.517391693708035061e-01
-1.610834686573484609e-01
-1.676017886936261858e-01
-1.672350886234384437e-01
-1.608871213867154315e-01
-1.474462497845360209e-01
-1.265366372295922692e-01
-1.086019007050196272e-01
-9.191912108644730017e-02
-7.461708066048647336e-02
-4.673552925572140027e-02
-3.493434136111750465e-02
-3.838770652889712809e-02
-4.453955651935463667e-02
-3.919408114915193253e-02
-2.887643948859172638e-02
-2.575511883500425370e-02
-1.888289373754672984e-02
-1.553715534312849478e-02
-2.207675563982575140e-02
-3.860827987001114181e-02
-5.996197906427466751e-02
-7.264662686989703522e-02
-8.758268286354933818e-02
-9.986495685959820290e-02
-9.044166964796734876e-02
-7.278493048028461532e-02
-5.205164934448561209e-02
-4.031311779487661839e-02
-3.579110235248897376e-02
-4.287860790548658763e-02
-7.089494286706821136e-02
-1.053308710994269315e-01
-1.419821071651197197e-01
-1.796788369609739200e-01
-2.089326457520172264e-01
-2.220585164005674517e-01
-2.272974826746359256e-01
-2.303768171955234423e-01
-2.302369978961334995e-01
-2.278704810086230881e-01
-2.307945806364143926e-01
-2.549902965807503419e-01
-2.909915919302043519e-01
-3.300626484870832766e-01
-3.680226304251708602e-01
-3.986856422250905085e-01
-4.160125947030154370e-01
-4.104370941600216094e-01
-3.927700953249101401e-01
-3.678836677971562552e-01
-3.426538550078204737e-01
-3.317224946716333944e-01
-3.318058702767826551e-01
-3.366828532721397593e-01
-3.612232966000455958e-01
-4.045434286030606397e-01
-4.456686720396314527e-01
-4.780900107382358155e-01
-4.966936059992088093e-01
-5.144015981401717230e-01
-5.390719444868106169e-01
-5.729414783177432247e-01
-6.194819954445577315e-01
-6.738198204545129411e-01
-7.240434742895354159e-01
-7.633935942758234283e-01
-8.080286322249725650e-01
-9.105647149252460437e-01
-1.048653254619638986e+00
-1.151351695885642901e+00
-1.133249537488430825e+00
-1.116405388135223609e+00
-1.157394837708968005e+00
-1.217335619671399360e+00
-1.302059541293290934e+00
-1.367073335925204081e+00
-1.407899470689909949e+00
-1.433787763347773803e+00
-1.446009528394755161e+00
-1.450373173034546603e+00
