0.000000000000000000e+00
3.950270611855127845e-02
1.123401151150369148e-01
2.114510360497992847e-01
2.599808836990655236e-01
2.759020168642341564e-01
3.103674831540041978e-01
3.890030460032161130e-01
5.010478259436029758e-01
6.343618048044411539e-01
7.799868457018660495e-01
9.032014738986786639e-01
1.003768274330425703e+00
1.106282786338094626e+00
1.191733945638265402e+00
1.299405759463833521e+00
1.376556926918382384e+00
1.407181609200194528e+00
1.461725493155799027e+00
1.452364748721712173e+00
1.490387260542378467e+00
1.495177558589429356e+00
1.465301777059005328e+00
1.559166461561575678e+00
1.635434817470883484e+00
1.679044505171772395e+00
1.687105413759296679e+00
1.703640569384579972e+00
1.724637360142214471e+00
1.731712777805265890e+00
1.734521825562351349e+00
1.733305841302607675e+00
1.743991775930577415e+00
1.749303088731984701e+00
1.783731510959311928e+00
1.798141455579877812e+00
1.778775601077543067e+00
1.772095715051237308e+00
1.781818547069635050e+00
1.806768885422859405e+00
1.840515091542872739e+00
1.877622993564565634e+00
1.913936327658930958e+00
1.955336336057355018e+00
1.861217840691782532e+00
1.819510980855102655e+00
1.946807932026229482e+00
2.259956021459388786e+00
2.236955330192587965e+00
2.276642533045817540e+00
2.268613474609434633e+00
2.039137151641375656e+00
1.990143560412123591e+00
1.971866682713590002e+00
1.999926478563109677e+00
2.027651088102853105e+00
2.060607612596674354e+00
2.081307229102169032e+00
2.087932228034222959e+00
2.101278051450461426e+00
2.133227534956846583e+00
2.159970914985922974e+00
2.191800311000479340e+00
2.218510815422795712e+00
2.207033381580015607e+00
2.237972217738744884e+00
2.297409784903720720e+00
2.252630258986275003e+00
2.087167362355325739e+00
1.830739746361430331e+00
1.755589518547757466e+00
1.796449165239896617e+00
1.821076716814360674e+00
1.853739317879757209e+00
1.947914212428359271e+00
2.023541222357082781e+00
2.036094381914235196e+00
2.053523389839285063e+00
2.098240343864364199e+00
2.142600739605285742e+00
2.179349454296973132e+00
2.195640376892790790e+00
2.189613290327081518e+00
2.187629824075606688e+00
2.218022225794281432e+00
2.201695894738632475e+00
2.138250060122762086e+00
2.069581681885927615e+00
1.986145732360144134e+00
1.908525324141620683e+00
1.826993828477184945e+00
1.736266998776551995e+00
1.683955587319992730e+00
1.659781032880523810e+00
1.621436095216036044e+00
1.576049834864567734e+00
1.501798834706364438e+00
1.418645232249384991e+00
1.400823595946051547e+00
