0.000000000000000000e+00
3.639042528539424004e-02
1.227004897771957759e-01
2.099910110517258233e-01
2.902041140240004813e-01
3.251296582261322676e-01
3.574904214892871690e-01
3.594769197093632407e-01
3.945103994897470878e-01
4.674697881423926504e-01
5.631193198763974062e-01
6.667632811955164218e-01
7.801525632953101308e-01
8.825600045707470143e-01
9.764017630486016008e-01
1.113436438827877906e+00
1.179372507105526324e+00
1.203111322039126518e+00
1.225219503616776340e+00
1.279076487764847725e+00
1.343342320208770868e+00
1.381431410474095456e+00
1.324259326627698963e+00
1.296729118639770029e+00
1.330707093419983611e+00
1.379291214106886265e+00
1.417227731116032174e+00
1.440742332264771886e+00
1.449468349114527044e+00
1.471451382000799279e+00
1.485125186961059551e+00
1.476096939116450679e+00
1.475143297989133240e+00
1.481983918312027360e+00
1.499149809642635667e+00
1.511440268190792802e+00
1.500043740641861190e+00
1.492080451059293100e+00
1.500650344257375313e+00
1.521128546671064896e+00
1.548148666091382575e+00
1.585435377733296125e+00
1.621459997256041063e+00
1.637624706842705224e+00
1.653340673466441979e+00
1.696291495025604945e+00
1.748811399920582765e+00
1.790836624047063674e+00
1.763699185491664156e+00
1.656234753426674144e+00
1.529576866393268064e+00
1.417487290102146469e+00
1.376988115132589119e+00
1.387151693477433945e+00
1.404763240588277506e+00
1.437296670716464275e+00
1.505907873908957528e+00
1.580779131487454636e+00
1.618457135387638024e+00
1.629770136226918131e+00
1.637737527016614791e+00
1.643812444188551325e+00
1.638311150748564815e+00
1.609469450632797116e+00
1.577956255463458968e+00
1.544253226770169407e+00
1.545541503754589874e+00
1.405191829404695891e+00
1.116657568429234360e+00
9.730255132488571101e-01
9.056238135999088446e-01
9.145613602222684158e-01
1.014855650515331664e+00
1.213548713871940077e+00
1.352227335693712673e+00
1.418339671106566113e+00
1.462488385896883791e+00
1.484743485049269118e+00
1.482973669714616749e+00
1.467049806164398174e+00
1.456429112597350750e+00
1.440906396427396929e+00
1.426528181840811094e+00
1.401540810175318397e+00
1.367754169424186372e+00
1.373194710107288552e+00
1.397382201631774956e+00
1.361246517070442419e+00
1.233491538640759666e+00
1.066226489883814077e+00
9.530734148026900332e-01
8.819315511237423300e-01
8.271465451381361245e-01
7.604468073119823313e-01
7.147094886128275704e-01
6.561514560304706478e-01
5.967430524718511098e-01
5.291151092515600229e-01
4.982159790552807554e-01
