0.000000000000000000e+00
3.309346602711493723e-02
-3.937528225904710077e-02
-5.176008848120075556e-02
-3.161362846395236043e-02
-9.359640358966359042e-02
-1.436555289989857043e-01
-1.574102420238083777e-01
-1.469054376339465895e-01
-1.434085293327142241e-01
-1.483498240569223192e-01
-1.512450278026949146e-01
-1.481996405193333755e-01
-1.397470463912169891e-01
-1.329680701511872232e-01
-1.265012258426104763e-01
-1.199113587187549679e-01
-1.171304378790872514e-01
-1.152807063043667507e-01
-1.137473991907009124e-01
-1.099489057573657530e-01
-1.074302521427982077e-01
-1.073533360886561178e-01
-1.135435849273895015e-01
-1.151793009812507318e-01
-1.127265508169750241e-01
-1.021328154585035286e-01
-8.859830819799681401e-02
-7.777623148281419263e-02
-7.525030212134611873e-02
-8.142818966137238545e-02
-9.796002787938409839e-02
-1.085040656190179587e-01
-9.383881009273059570e-02
-5.617521613041226436e-02
-4.813575691651648253e-02
-5.981536602399235847e-02
-7.334795991925997793e-02
-8.350236454303316957e-02
-9.732340906340752884e-02
-1.114961511578429487e-01
-1.178289879154436337e-01
-1.170207438623791507e-01
-1.051526314914527915e-01
-8.354829354238692274e-02
-6.177932931866501887e-02
-4.328869484336592133e-02
-3.214706130383689076e-02
-3.139535975052511196e-02
-5.356728185244104268e-02
-9.127678229003571841e-02
-1.333795258611539802e-01
-1.767977182519710477e-01
-2.141275437118094205e-01
-2.370073105793165102e-01
-2.529956988709973209e-01
-2.615070680592093133e-01
-2.688579334046005687e-01
-2.729714872705539808e-01
-2.730206676696244061e-01
-2.759268878869909902e-01
-3.011535369196848833e-01
-3.286637019108917257e-01
-3.557833662090215121e-01
-3.796014758630241182e-01
-4.013231160137881171e-01
-4.208238260182786683e-01
-4.174810717233408686e-01
-4.016683210684951488e-01
-3.944785226181005688e-01
-4.031579199845518047e-01
-4.234057432341165050e-01
-4.624089602286206024e-01
-4.986898638253224325e-01
-5.302943118476124429e-01
-5.436943059793463151e-01
-5.514128946047849311e-01
-5.559260350643221438e-01
-5.674572140717674129e-01
-6.083522667999825551e-01
-6.743913895025430705e-01
-7.595308374187778044e-01
-8.638952350597619567e-01
-9.862780671707631619e-01
-1.108866209387172397e+00
-1.191345619253910471e+00
-1.237526334571063646e+00
-1.257263831197898085e+00
-1.285275022149061641e+00
-1.309497050260596041e+00
-1.350566698745729655e+00
-1.399964731655386929e+00
-1.438379715934181569e+00
-1.474223156842198179e+00
-1.497988537284032251e+00
-1.499418699473677785e+00
-1.472592846678340894e+00
-1.420857881228304587e+00
-1.344487695896216195e+00
