0.000000000000000000e+00
1.681989779216999659e-02
1.146515810537760971e-01
2.402796315693814799e-01
3.107145946932847735e-01
3.569555959004534484e-01
3.889114460954469776e-01
4.083781503367400756e-01
4.571051642423673567e-01
5.477369486382580588e-01
6.668864156182414682e-01
7.994547492193706528e-01
9.182302986574419901e-01
1.013985421566562684e+00
1.098361419345274426e+00
1.223117770315077735e+00
1.307050359910401527e+00
1.306135143941841159e+00
1.306784593538346639e+00
1.366019296913423720e+00
1.409608353060040287e+00
1.424598145977740593e+00
1.385950556485507468e+00
1.314064357432650265e+00
1.324021795176388405e+00
1.367548664178283468e+00
1.407537934727051798e+00
1.429755945498563330e+00
1.442800720070974263e+00
1.449419833535442903e+00
1.468198563288173553e+00
1.468296897826717684e+00
1.449592235198137180e+00
1.443032522045064825e+00
1.446466046469628841e+00
1.446945901014553115e+00
1.422773376237093546e+00
1.395091331003665447e+00
1.381776538046575631e+00
1.376585768669744470e+00
1.397271214922280569e+00
1.453686019668053664e+00
1.526573723378706005e+00
1.575064161588373146e+00
1.598069541955543738e+00
1.586933309493722133e+00
1.591589691318780364e+00
1.659829580673245930e+00
1.663159980933081261e+00
1.543161448050579976e+00
1.474225314761250960e+00
1.413861957333293784e+00
1.358197588447166870e+00
1.335338792269549213e+00
1.349961188917827126e+00
1.393369546825950600e+00
1.494865647763642613e+00
1.555996117749884222e+00
1.573836768132182762e+00
1.578812412166527013e+00
1.578686250300193050e+00
1.573612475102254438e+00
1.554158052830016512e+00
1.517929617216556837e+00
1.510660559635574218e+00
1.468588440052653210e+00
1.396545863070236315e+00
1.332753542796817792e+00
1.080663458113268582e+00
9.655954932396095813e-01
9.088880166247510495e-01
1.000988954129616637e+00
1.108898056274156607e+00
1.215591308232394807e+00
1.309780994934210741e+00
1.380094322305502219e+00
1.403324769542975803e+00
1.428417424371437816e+00
1.454054044395000300e+00
1.474641045968054565e+00
1.477733852749346211e+00
1.464745374669122358e+00
1.465142004375488805e+00
1.450933469136960641e+00
1.398379002295705220e+00
1.373234992462548876e+00
1.352531961738922650e+00
1.269846563868329836e+00
1.133140088032616566e+00
1.006899944195514651e+00
9.192161551669563169e-01
8.896439629184823561e-01
8.487824465363834614e-01
7.788153087946602104e-01
7.343069026941448918e-01
6.625154132127843987e-01
5.948654761228244769e-01
5.308569243829517337e-01
5.182962301874085576e-01
