0.000000000000000000e+00
-1.688257554473423377e-02
-6.177138923939949622e-02
-5.172706519693417992e-02
-1.217466917731997722e-02
-3.824512985009628774e-02
-5.818561977774980298e-02
-7.199360983852284845e-02
-7.202774192677333098e-02
-7.270704635469761590e-02
-8.037754657481498144e-02
-7.724074876004970169e-02
-7.014615392482906331e-02
-6.421959857101908198e-02
-6.124464826131491291e-02
-6.183835630777510806e-02
-6.188396146250617347e-02
-6.232500701228086554e-02
-5.764466308063572603e-02
-4.801144484502103960e-02
-3.748431167250662610e-02
-3.467363717706530013e-02
-3.692906511355390636e-02
-4.734652661192848000e-02
-6.306932271573575943e-02
-7.342303452476747760e-02
-6.640238547699463256e-02
-4.490418833826005651e-02
-2.366065268576674277e-02
-1.342506980421163260e-02
-2.462899277841242018e-02
-3.033215435309458141e-02
-2.455436904167905554e-02
-6.503151642270499355e-03
1.175758629759679486e-02
2.071765653774078342e-02
6.747693255977474380e-03
-2.293131413224945570e-02
-5.151594842980813937e-02
-6.962951598923067253e-02
-8.232594437158410883e-02
-8.563781355095016756e-02
-8.428155640372435309e-02
-8.547948330193748390e-02
-8.198569497280247531e-02
-7.210297907795183703e-02
-5.823843939395176306e-02
-4.330081399283347565e-02
-3.482171947978207616e-02
-3.639468040466903309e-02
-4.560425921711189212e-02
-7.200320026210374480e-02
-1.072479186249120087e-01
-1.381097040738437642e-01
-1.606546017843136220e-01
-1.797381514140601599e-01
-1.960653460675386428e-01
-2.089756279323349009e-01
-2.183679266603932578e-01
-2.229904052989208074e-01
-2.303009693145270376e-01
-2.547231943279004707e-01
-2.847131009702493776e-01
-3.061704911199621404e-01
-3.238860098550175870e-01
-3.395293528770141900e-01
-3.544348109661134005e-01
-3.540590353068486240e-01
-3.425385443061403357e-01
-3.318529733609256738e-01
-3.343418654800462408e-01
-3.609860308489274971e-01
-4.046028897344364772e-01
-4.522865192013477698e-01
-4.898368238534954733e-01
-5.064765150156862461e-01
-5.067053918449423433e-01
-5.150954829216365383e-01
-5.292023552953949439e-01
-5.554997069915185159e-01
-6.186235860465228997e-01
-7.053226678158730500e-01
-7.894179170966308945e-01
-8.859948000434954007e-01
-9.986438785874030000e-01
-1.074249761402281012e+00
-1.132224907674475922e+00
-1.172330337359821728e+00
-1.193491496265873142e+00
-1.225986808616292834e+00
-1.282047387786628967e+00
-1.346252183033672001e+00
-1.402363733944493207e+00
-1.438321641198427869e+00
-1.459322627208749834e+00
-1.477978723742902067e+00
-1.485548903252246200e+00
-1.484894971677476860e+00
-1.494748935956597524e+00
