0.000000000000000000e+00
-6.421496113419819518e-02
5.179804201692847498e-02
1.630921775948177554e-01
2.196405249361655931e-01
2.465051852117278730e-01
2.800898592618701333e-01
2.994466286261801002e-01
3.539176993722369380e-01
4.515732896064663660e-01
5.668528486411024137e-01
6.924722795902819028e-01
7.856742604952572373e-01
8.582714032164611151e-01
9.002330401291200879e-01
9.883548495148413160e-01
1.080228984906210332e+00
1.059662418423704233e+00
1.036134508443360858e+00
1.020430416646149530e+00
1.106611708617337708e+00
1.187786067036756155e+00
1.192943180381811352e+00
1.160463984452827280e+00
1.180482945981421672e+00
1.219574879505948672e+00
1.211663779384606565e+00
1.225842451691931512e+00
1.247210575026544754e+00
1.263747098001685165e+00
1.268225768475978343e+00
1.256804622424415596e+00
1.241985067668643250e+00
1.234332890740837074e+00
1.245928398672465187e+00
1.252003030334928768e+00
1.218664850864359384e+00
1.195295480808706623e+00
1.206280035685882934e+00
1.223308387103795081e+00
1.219931880715326100e+00
1.235858601805766455e+00
1.282511143380100194e+00
1.318479066061628568e+00
1.335017507272668214e+00
1.359987526555490600e+00
1.355151064112218862e+00
1.400939140510803815e+00
1.293795180894476982e+00
1.271188093193523549e+00
1.301144350603662403e+00
1.190860419488286581e+00
1.143428604756788758e+00
1.130371475418813443e+00
1.156737998713944116e+00
1.212651057555411027e+00
1.266797354227742423e+00
1.297913609365711318e+00
1.303603468814090283e+00
1.312015815541897945e+00
1.331744036623028649e+00
1.338907704492932726e+00
1.345368307004017661e+00
1.345298553357213933e+00
1.301201750596415074e+00
1.244291121233465747e+00
1.249399703786134630e+00
1.268397568583444102e+00
1.255652493027718197e+00
1.200174919239532567e+00
1.165140776510507736e+00
1.189163707153162219e+00
1.292068678256039549e+00
1.462456196679509324e+00
1.546989438134022121e+00
1.599029311709613044e+00
1.634092279620677379e+00
1.657763318857788271e+00
1.687831963344421649e+00
1.719844217803333741e+00
1.734179677311237677e+00
1.768488422121131443e+00
1.757095832889409071e+00
1.710775803561987551e+00
1.657755707141228996e+00
1.640726628004155696e+00
1.593276649533959866e+00
1.520472994661342891e+00
1.411093614974102017e+00
1.325562343880696048e+00
1.242116582504381839e+00
1.188252111814096068e+00
1.157210830973017135e+00
1.119417004959105233e+00
1.080666423817456812e+00
1.023784562150482857e+00
9.658117820398218756e-01
8.860812703141565105e-01
8.104007831347612711e-01
