0.000000000000000000e+00
-4.518476816274648311e-02
-1.030618970010797331e-01
-1.321953183553923883e-01
-7.511069889475480155e-02
-5.981970237802845813e-02
-7.818702522816511902e-02
-1.034434671037775533e-01
-1.280357551005633643e-01
-1.440458170560811602e-01
-1.396092947998150979e-01
-1.283531477178251889e-01
-1.310007692466866880e-01
-1.519342031881755761e-01
-1.758133926895411037e-01
-1.910675526035634508e-01
-1.934984444408510695e-01
-1.906145747607081442e-01
-1.845372680278410393e-01
-1.784216988494166101e-01
-1.658072037331339565e-01
-1.595329164817208545e-01
-1.546450320120045796e-01
-1.483877265189719186e-01
-1.530556992119428417e-01
-1.647242714689499676e-01
-1.691932499831624026e-01
-1.756154820005731698e-01
-1.820783681360851891e-01
-1.853780216828312399e-01
-1.886248127279777642e-01
-1.876931418486920966e-01
-1.829581774484826950e-01
-1.737127287197401393e-01
-1.581269401974485511e-01
-1.458584483134637011e-01
-1.350302274664367808e-01
-1.336894417218998099e-01
-1.388292856146912668e-01
-1.474857669958382078e-01
-1.555999369249641828e-01
-1.583866122898260342e-01
-1.596195558354364941e-01
-1.649668281799288039e-01
-1.668675773905732296e-01
-1.668451613407430090e-01
-1.654972213240067380e-01
-1.655982797303163223e-01
-1.721426102149068438e-01
-1.850822022599812600e-01
-1.985571770269429770e-01
-2.146692311570445877e-01
-2.373378377340950030e-01
-2.616728974780028749e-01
-2.832885990937808462e-01
-3.050173804514163534e-01
-3.235787178592690605e-01
-3.413427373857889080e-01
-3.611844294483967932e-01
-3.777517242061665392e-01
-3.925334417712453838e-01
-4.056103342356965902e-01
-4.172819929672276218e-01
-4.301918389359391526e-01
-4.474486658245255266e-01
-4.554441121485985344e-01
-4.528380687274124461e-01
-4.510349437182156751e-01
-4.448724081360558857e-01
-4.350243949473853733e-01
-4.274132343960714286e-01
-4.372714679959930351e-01
-4.712884835886150259e-01
-5.197129846932654340e-01
-5.600266621800507050e-01
-5.818355926340781359e-01
-5.991286075554069779e-01
-6.140299984938802913e-01
-6.253241967350939845e-01
-6.340503938029843356e-01
-6.520269839518091359e-01
-6.744069356956252648e-01
-7.098621608295554442e-01
-7.622313673750019669e-01
-8.228580183073781473e-01
-8.940845911322936601e-01
-9.785142295824291736e-01
-1.071432676506828718e+00
-1.140604300037166396e+00
-1.144502661311011860e+00
-1.154489570187143599e+00
-1.207962648307905562e+00
-1.270067103416529397e+00
-1.334633215851523058e+00
-1.378652269067722536e+00
-1.412679176520336366e+00
-1.444691866631964361e+00
-1.460673255639206136e+00
-1.445005506715734356e+00
