0.000000000000000000e+00
-1.357132335321287707e-02
-6.345087453198797189e-02
-4.937513806915393849e-02
-4.159253471195126228e-03
-6.484064311366918854e-02
-9.431760471844446991e-02
-1.223032310421001412e-01
-1.255150695684557893e-01
-1.191727108507597693e-01
-1.172880201257017752e-01
-1.118598227618008839e-01
-1.005519626061037036e-01
-9.398057058181927270e-02
-9.602570348099159769e-02
-9.780711929778744540e-02
-9.607164127917877661e-02
-9.868045169287002760e-02
-1.046435667427078053e-01
-1.088681728579531660e-01
-1.086069732295544821e-01
-1.022354181543187607e-01
-9.658935254493203337e-02
-9.810537584663585331e-02
-1.093764971575906936e-01
-1.173305637855032446e-01
-1.075557619336774406e-01
-9.231217965861163166e-02
-8.405103449607359556e-02
-8.255654216540292412e-02
-9.207968434394424306e-02
-1.077168357742704641e-01
-1.199993572063421110e-01
-1.105118133852100171e-01
-7.523645257443249690e-02
-7.132861920011461521e-02
-9.338564496892987066e-02
-1.159800586983379678e-01
-1.257789537861908336e-01
-1.217463732932149989e-01
-1.229623862265811496e-01
-1.269188880431026678e-01
-1.227175250644914617e-01
-1.044852587320131421e-01
-8.431321633580945996e-02
-7.586605047343220054e-02
-7.962587809201343569e-02
-9.111204714503803870e-02
-1.072441090312096779e-01
-1.254845392809581794e-01
-1.481044764226014387e-01
-1.808102428279726448e-01
-2.144676562075884529e-01
-2.381608713265685184e-01
-2.521972562138193874e-01
-2.627579942478918684e-01
-2.686190293869472612e-01
-2.699270137528569369e-01
-2.696091646485758719e-01
-2.857832304846398830e-01
-3.094891040217281342e-01
-3.356304297826583349e-01
-3.611510316706948442e-01
-3.862779114783176926e-01
-4.016320859705356794e-01
-4.034044721723927251e-01
-3.949699239742358037e-01
-3.786234894824550556e-01
-3.611337656378548200e-01
-3.507061057042437091e-01
-3.537557184783036712e-01
-3.697921040972774742e-01
-4.065571758529699098e-01
-4.504508318741443640e-01
-4.879052172119333619e-01
-5.077621770215862140e-01
-5.106034672812831410e-01
-5.202183044210134666e-01
-5.518826235902857258e-01
-6.002780644917984354e-01
-6.680725026157754431e-01
-7.414138820219433601e-01
-7.989377206893346628e-01
-8.452991089619965592e-01
-9.040915337126045337e-01
-1.013222698114588649e+00
-1.132849059327624586e+00
-1.177425197040822269e+00
-1.181660836185109531e+00
-1.185094266890052372e+00
-1.219397685989827451e+00
-1.267409260127549508e+00
-1.310428674166186580e+00
-1.348262706426160973e+00
-1.385537722759540236e+00
-1.403004220214231434e+00
-1.384277020536761160e+00
-1.355734047449192792e+00
-1.340000968712507179e+00
