0.000000000000000000e+00
7.061491416248955044e-02
1.367802258202701626e-01
2.463331280328289463e-01
3.278910577460739106e-01
3.623593629301254393e-01
3.641059733421156963e-01
3.956414423262156199e-01
4.907293616874339737e-01
6.148397833215883956e-01
7.279675693885158116e-01
8.585902109848646546e-01
1.000880828981338677e+00
1.092909058760231256e+00
1.160115786936576576e+00
1.267107128665010851e+00
1.321342786404243075e+00
1.342344949872155802e+00
1.390047501330978763e+00
1.426198246960659999e+00
1.439821381185606430e+00
1.433162504476593213e+00
1.404203034294785324e+00
1.429020145984164714e+00
1.474361329042221280e+00
1.515688893503625678e+00
1.544811774381522618e+00
1.554792938893503562e+00
1.560753367824468052e+00
1.567657029829847115e+00
1.565173642890506756e+00
1.568927777125670886e+00
1.579504699367092924e+00
1.599017943565020694e+00
1.614006116149704795e+00
1.594963804672973717e+00
1.558172235392424554e+00
1.537891144886247341e+00
1.544437890971368743e+00
1.569661680660871861e+00
1.614709470315571327e+00
1.671193042996111267e+00
1.718512695963692716e+00
1.728699861361070900e+00
1.759797065782672254e+00
1.835238012669667018e+00
1.859624375466448543e+00
1.914790012004619069e+00
1.919688392653481790e+00
1.658010056017599210e+00
1.648848262596051217e+00
1.661405452943450989e+00
1.620212518792297107e+00
1.611802948552570225e+00
1.632460079794844088e+00
1.666323172634941230e+00
1.710006552956354842e+00
1.764524129198368207e+00
1.796730558348682116e+00
1.820079620372416107e+00
1.820672853683935166e+00
1.811334233564940943e+00
1.799133581167351226e+00
1.771831332321383012e+00
1.712541563168705538e+00
1.701467590797201446e+00
1.716841631036469584e+00
1.675955411600400735e+00
1.383455957808997994e+00
1.138019016946072437e+00
1.137265774024287301e+00
1.199960707343344479e+00
1.294977957934293267e+00
1.441709338804121110e+00
1.533797966923283074e+00
1.576414206379038951e+00
1.613166337935713290e+00
1.638558414569006860e+00
1.667590278268616499e+00
1.698750069076277569e+00
1.721397537968466951e+00
1.704273565110229427e+00
1.666968958464414285e+00
1.639985522222869196e+00
1.617619800332265489e+00
1.601558566601828160e+00
1.576066219888413222e+00
1.509846281264456413e+00
1.387696280275966254e+00
1.304252206070803943e+00
1.247853928687154612e+00
1.171527573771014463e+00
1.085211420869413468e+00
1.038590039201302551e+00
1.029003805550825934e+00
1.028851085332930904e+00
9.648703293493701150e-01
8.620461816952269540e-01
8.425720066846481560e-01
