0.000000000000000000e+00
-6.494649532421035987e-02
-2.071775755503783845e-02
-8.921723185052954364e-02
-1.452190064259829549e-01
-1.854764359644876792e-01
-2.061482126482001020e-01
-2.146336386794437945e-01
-2.085725119469558075e-01
-1.922931190473997631e-01
-1.635199735663607212e-01
-1.244193617960568377e-01
-9.454697556065344566e-02
-7.977420928069019201e-02
-7.592302879027243434e-02
-7.710061758336783644e-02
-7.512631638465641637e-02
-6.061815262503592733e-02
-4.418019869999298410e-02
-3.396799142641328956e-02
-2.624681019887962694e-02
-1.954683457916184253e-02
-1.028771012298107523e-02
-5.147482969728930935e-03
-1.108867199801133463e-02
-2.523176529259019141e-02
-3.371253311986757706e-02
-2.870593699310479419e-02
-1.994460879945163245e-02
-3.241668757433466275e-03
1.329408763872570731e-02
3.030601870540104714e-02
4.773972454169633783e-02
6.687152986712688318e-02
7.464328827037461367e-02
6.524270671982528025e-02
6.490487229740105057e-02
7.194595835695781483e-02
8.364001180448847605e-02
8.351451024208809970e-02
7.634963859076454584e-02
7.264966000983966166e-02
6.961327225384802975e-02
7.331344301654474371e-02
7.486503376808648080e-02
7.707053242690166395e-02
6.986638398758777957e-02
6.417641067993234971e-02
7.355761769061272548e-02
8.365163523804029777e-02
6.940764092850855438e-02
4.731039308912392272e-02
2.181508778807297877e-02
-8.117063576017602422e-03
-3.862945950702401099e-02
-6.727833537421025467e-02
-8.537658580514490003e-02
-9.828408036636038236e-02
-1.078790818408868341e-01
-1.143801914930962504e-01
-1.267979726089635828e-01
-1.457398380045452080e-01
-1.652896632569036128e-01
-1.859567774799529283e-01
-2.123932665359688221e-01
-2.381672373816826060e-01
-2.637045983554100470e-01
-2.846327106897545423e-01
-3.002326184974401513e-01
-2.977978868559265080e-01
-2.842171259829390229e-01
-2.759765316980656857e-01
-2.851568895592435093e-01
-3.026469597450509585e-01
-3.220072118761891367e-01
-3.382834576999692033e-01
-3.494735872564801449e-01
-3.704038464449702084e-01
-3.933356184100262887e-01
-4.142364026586143333e-01
-4.289211229449959584e-01
-4.635569068590135178e-01
-5.183086235789539087e-01
-5.871336326424553276e-01
-6.498534463153405882e-01
-7.227432776605676734e-01
-8.261538431900096180e-01
-9.069595211276632041e-01
-9.742840785594155673e-01
-1.024316150532622816e+00
-1.072233236576292992e+00
-1.162186426803242467e+00
-1.230595899425639628e+00
-1.294374023696619469e+00
-1.361421948721959652e+00
-1.444439489456830428e+00
-1.492860521771766535e+00
-1.534015240704620142e+00
-1.564430981887133587e+00
