0.000000000000000000e+00
-3.074906661805881791e-02
-9.717491471133202219e-02
-6.287420400556315014e-02
-5.580193888589139728e-02
-4.071364945311672923e-02
-4.908886000896334201e-02
-6.784534729458309432e-02
-9.174156563624305538e-02
-1.011504402458070356e-01
-9.731822351520517944e-02
-8.937969172667979689e-02
-7.403176662279777054e-02
-6.497832354182989101e-02
-6.911126275067229485e-02
-7.916730984551365036e-02
-8.894010971625954109e-02
-9.373023491995469136e-02
-9.027507737866893867e-02
-8.671759574024276440e-02
-8.435728421334032223e-02
-8.730117888636848567e-02
-8.712298442660952602e-02
-8.661302688566051289e-02
-9.165223298549141084e-02
-1.004503942861921656e-01
-1.094592658569241983e-01
-1.157639899449697668e-01
-1.260925093792724105e-01
-1.337117599468692075e-01
-1.324549467458917551e-01
-1.218693493442769143e-01
-1.013520996476177799e-01
-6.805741956463094711e-02
-3.637486164402996269e-02
-2.177528916654018765e-02
-1.873394948906859786e-02
-2.657181649709457194e-02
-4.259411458565089126e-02
-6.445988124229933003e-02
-8.250691251715486230e-02
-9.214511435241384829e-02
-9.406544490163723515e-02
-7.945463609925038084e-02
-6.459512435653352869e-02
-5.951072521509979951e-02
-6.298344785995742268e-02
-7.245786409714974341e-02
-8.905558245664293993e-02
-1.073973158902140346e-01
-1.248901293220072012e-01
-1.459993439278022276e-01
-1.721020357785050248e-01
-1.973216584497854420e-01
-2.216350089009765101e-01
-2.416060452135494474e-01
-2.555643788125813165e-01
-2.621328095383045342e-01
-2.644576556623552399e-01
-2.690485084670351523e-01
-2.825538970299754649e-01
-2.989148367155924912e-01
-3.159012334757855811e-01
-3.329385536377146848e-01
-3.470637902516873763e-01
-3.527003137765932217e-01
-3.485068708925069814e-01
-3.450887901901116273e-01
-3.411373151666406978e-01
-3.387848685717356201e-01
-3.413268986894847368e-01
-3.629261730150488141e-01
-4.118581497378254186e-01
-4.629365737191523111e-01
-4.963381478603549057e-01
-5.201157333727404186e-01
-5.430243709699482668e-01
-5.670901687976747096e-01
-5.844182301957165926e-01
-6.000630242239098910e-01
-6.295477023180320320e-01
-6.749222428243702998e-01
-7.432775317507056556e-01
-8.221185074826260486e-01
-9.071332464665020634e-01
-1.007416046800892140e+00
-1.109969510213134392e+00
-1.190357743588791539e+00
-1.215363276380591273e+00
-1.192064564372484314e+00
-1.172779176703730997e+00
-1.200531308949112974e+00
-1.243093724922882615e+00
-1.266336449418165477e+00
-1.294391436601313838e+00
-1.305616924861944472e+00
-1.300687120263292806e+00
-1.276677037510336676e+00
-1.226465373179537632e+00
