0.000000000000000000e+00
7.723472787694987685e-02
1.045788686299023718e-01
1.743211565898433180e-01
2.313688542645201407e-01
2.617556080664676377e-01
2.934455310134710393e-01
3.634706274900115774e-01
4.809646898507315416e-01
6.069107523997583353e-01
7.362853504596389431e-01
8.419894006434264222e-01
9.589988179927919631e-01
1.065195874094598594e+00
1.156510054801235254e+00
1.229207044590088227e+00
1.302966153688585038e+00
1.343793814926156349e+00
1.374986640038080798e+00
1.440813647642801953e+00
1.489623003669825252e+00
1.494450262297304599e+00
1.449044301631833065e+00
1.498750610128445793e+00
1.547651167876522571e+00
1.584020414656998943e+00
1.602135363774453980e+00
1.617728720142229237e+00
1.640692159483436718e+00
1.654509354020030187e+00
1.663782964492804828e+00
1.676886958954893814e+00
1.691011546101274243e+00
1.718631400946933896e+00
1.737847746580845509e+00
1.728767589270429061e+00
1.700937860093420406e+00
1.678170892668872760e+00
1.682863881637497006e+00
1.711063369195247486e+00
1.748291880668770171e+00
1.792262590544418499e+00
1.862845775015795402e+00
1.913002163118842525e+00
1.906155179845433478e+00
1.905188056433151811e+00
2.013767751602453693e+00
2.096403578422934011e+00
2.130228668252517998e+00
2.154718252513638799e+00
1.897331219737741437e+00
1.797105751974301002e+00
1.812344800961680269e+00
1.818740588212622411e+00
1.855255747058574212e+00
1.901441835394379831e+00
1.952460175465980496e+00
1.996051904332199811e+00
2.019147089573561704e+00
2.027464195989475471e+00
2.021611786038972625e+00
1.996126856437542285e+00
1.983284605570117431e+00
2.005444448309655403e+00
1.991876546620460875e+00
1.964435962980765060e+00
2.039651875825122307e+00
2.111342936510566037e+00
1.795084283959358595e+00
1.614641285593402475e+00
1.628620941341155426e+00
1.719036303446151770e+00
1.821292199052535477e+00
1.876848684260758571e+00
1.930946864224702963e+00
2.008089390253422479e+00
2.079420670868914467e+00
2.136227777708169739e+00
2.167801701569960660e+00
2.183632886109633020e+00
2.206169102948187799e+00
2.234280297291943551e+00
2.241494472666381910e+00
2.229446233766458896e+00
2.205004254513097450e+00
2.164065107147436606e+00
2.113878458024741391e+00
2.082945863779184670e+00
1.988768712229668445e+00
1.858038807138712167e+00
1.760389320117142775e+00
1.692515487837243482e+00
1.643309695819954896e+00
1.578579982572541951e+00
1.511701963504510138e+00
1.473751828498779837e+00
1.408107904392341236e+00
1.330661557895994829e+00
1.319064133380179360e+00
