0.000000000000000000e+00
-2.880803273183949256e-02
5.820181708295318196e-02
3.891525963734014659e-02
-1.854441519732528271e-02
-7.500921623243284042e-02
-1.008691768815276335e-01
-1.178986250322347218e-01
-1.308885792756505073e-01
-1.468285590660561579e-01
-1.391092100913960961e-01
-1.101178013875687145e-01
-8.970460390136134055e-02
-7.134255490584717752e-02
-6.136214666073427915e-02
-5.742867823273048455e-02
-5.170077325947916580e-02
-4.312395578118242978e-02
-3.032858634749048543e-02
-1.540658328042625314e-02
8.720963702094075565e-06
2.332858540740313791e-02
6.089806476027652404e-02
9.872518702597299356e-02
1.096777372447976240e-01
1.060894520184416656e-01
1.113992357722175530e-01
1.244012689164069180e-01
1.377781592504391250e-01
1.434853271799533814e-01
1.521180982933274528e-01
1.493122957159344899e-01
1.339225434514411672e-01
1.135653787917276086e-01
1.080900022155480700e-01
1.106037075570675959e-01
1.139450130259867661e-01
1.131136644155535803e-01
1.159126662665839885e-01
1.195416950458034755e-01
1.208813659082952074e-01
1.249476603704552102e-01
1.386959359688377247e-01
1.428866763043165067e-01
1.451078310891228407e-01
1.452030227218863156e-01
1.377022527684777231e-01
1.365275264130537403e-01
1.402139358988752083e-01
1.301418745131876498e-01
1.212708901885715396e-01
1.019714806137886065e-01
7.440745441988635966e-02
4.826870665143363770e-02
2.499490569125314282e-02
4.075602252429894046e-03
-1.514700458001115579e-02
-3.153938146110883689e-02
-4.245478813852775202e-02
-5.497260422531780738e-02
-6.963240775542342553e-02
-8.546186460981995692e-02
-1.000377662837731441e-01
-1.187530384541685413e-01
-1.518766126171599562e-01
-1.971698674880650592e-01
-2.171728012722630996e-01
-2.158835036348654701e-01
-1.882284725153038907e-01
-1.555344433356856959e-01
-1.242058047902429574e-01
-1.081616892657256829e-01
-1.136805427330651319e-01
-1.398682743826988872e-01
-1.567745241370023246e-01
-1.655366413096125977e-01
-1.705888757833469438e-01
-1.841455371936449592e-01
-2.127607571377113649e-01
-2.445675322639325466e-01
-2.766079296759333950e-01
-3.222794628289783470e-01
-4.032844052893417852e-01
-4.721533067246811433e-01
-5.680466686874875437e-01
-6.774065992251322443e-01
-7.875226980884724171e-01
-8.744734412337950014e-01
-9.095151208585379177e-01
-9.820769972156524474e-01
-1.060444046005141416e+00
-1.121456660177415854e+00
-1.167038676644598372e+00
-1.223139429750690343e+00
-1.300022049628343668e+00
-1.361409505833829359e+00
-1.387601075944312701e+00
-1.412249100356623766e+00
-1.444713503155468093e+00
