0.000000000000000000e+00
-2.742797299722942173e-01
-2.540882125841255612e-01
-1.710551795358947746e-01
-1.132415515020553931e-01
-7.619387021269105609e-02
-3.572249848278988282e-02
1.447563209383095906e-02
8.482904301419300075e-02
1.843041111450932634e-01
2.955287857965713250e-01
4.025599857235219736e-01
4.843651392644675591e-01
5.248473636092300110e-01
5.739756714384268710e-01
6.389043352382380858e-01
7.432991839931495370e-01
7.891138368370387290e-01
7.799162000654498161e-01
7.598356288005404524e-01
7.451160226527056007e-01
7.094040659587158570e-01
6.993254574491859499e-01
7.543007028851933526e-01
7.429645802164561719e-01
7.188572008776316080e-01
7.106121001696836803e-01
7.117398786503936758e-01
7.309217603569460042e-01
7.475725514023623397e-01
7.663664295487808698e-01
7.795162794816158369e-01
7.821161945000993931e-01
7.652047918103292989e-01
7.377037063585285548e-01
7.199929537253109135e-01
7.234747839486594945e-01
7.111386297014022917e-01
6.948156172306731992e-01
6.781623136779345584e-01
6.693136682361359169e-01
6.701448641593299449e-01
6.764851913936817951e-01
6.793308851196554476e-01
7.379727543523565414e-01
7.513396883594933851e-01
7.521071761172752890e-01
7.751071290586155627e-01
9.288787762902499523e-01
9.187080942075366297e-01
8.328735578911391491e-01
6.865823767720642401e-01
6.352416197080987814e-01
6.632588507768355512e-01
7.111419117668179579e-01
7.330534138848457948e-01
7.392092435063603029e-01
7.323961499659749075e-01
7.137483931483383781e-01
6.883465939810112788e-01
6.572304221048288486e-01
6.316559830546304433e-01
5.971889806404171441e-01
5.612398501478531587e-01
5.245828429353196487e-01
4.879645401874893040e-01
4.239219578498719665e-01
2.181184909130655103e-01
7.644300169411843981e-02
3.563792802770826551e-02
3.336503766486009770e-02
2.887446187205611192e-02
4.764989016562515278e-02
9.549326096656102214e-02
1.544827695094950215e-01
2.160731485291507159e-01
2.508839749595348501e-01
2.632777442485822461e-01
2.866651316987217646e-01
3.017648732072886197e-01
3.008686760006640259e-01
2.834704161318027937e-01
2.552219910969383276e-01
2.266647601634491083e-01
2.121279060757990109e-01
1.943447369476882236e-01
1.658259259516668138e-01
8.557654432093014796e-02
-3.440990442129607252e-02
-1.506593639860223655e-01
-2.461636106171330995e-01
-3.262344904805228873e-01
-4.042574734792052649e-01
-4.518101592627623564e-01
-5.088711569916122279e-01
-5.813095751200831884e-01
-6.542670143294830876e-01
-7.090090288780821481e-01
-7.235434449883313412e-01
