0.000000000000000000e+00
5.871738407687114580e-02
1.153441241404178780e-01
1.964357360990624524e-01
2.428511783322992446e-01
2.735181250921716600e-01
3.311928881209317832e-01
4.175804160031593160e-01
5.305563317426582604e-01
6.521442966753953074e-01
7.625137936743627831e-01
8.540570245862670884e-01
9.438831325416672247e-01
1.058254946000650731e+00
1.154092489139709521e+00
1.261822559381067910e+00
1.345100172644666525e+00
1.376217864760859166e+00
1.406111321519668111e+00
1.428600972737489538e+00
1.438292762107676204e+00
1.435500490303010857e+00
1.503631177717218881e+00
1.621192104976842741e+00
1.700117978921103390e+00
1.744415079088600828e+00
1.770561636294603947e+00
1.793173460363988170e+00
1.813993107044854947e+00
1.850184323231317984e+00
1.895694846316863469e+00
1.917571698567507088e+00
1.927897248111893225e+00
1.941830766595074031e+00
1.962561963377320584e+00
1.962921646684391064e+00
1.945108823333704384e+00
1.966895444796720183e+00
2.027252117803363785e+00
2.109689233310686252e+00
2.157179967442342416e+00
2.206305197049539313e+00
2.265556809265017790e+00
2.297338327314204065e+00
2.292259744183497538e+00
2.125252734223207263e+00
2.226269359749496246e+00
2.489787726308496207e+00
2.574927547116511395e+00
2.515430836982437857e+00
2.627612280235152920e+00
2.373517802140661104e+00
2.187372175968437915e+00
2.156642387181701093e+00
2.188721057291942440e+00
2.212208959721581714e+00
2.232667334022326866e+00
2.239372659678397159e+00
2.216860421915908486e+00
2.195502687662077790e+00
2.202662573416034775e+00
2.227495609864211357e+00
2.260689269438363791e+00
2.298034319834566297e+00
2.330103033154323544e+00
2.390979054513743041e+00
2.428632829703089691e+00
2.404064447821985251e+00
2.356017197599773905e+00
2.259076124478996306e+00
2.103290084195536647e+00
2.046802273940163452e+00
2.022766502832440860e+00
2.070116800526351053e+00
2.161784747236165316e+00
2.216415684991130064e+00
2.234239738079126791e+00
2.235369978410530756e+00
2.257986757149333723e+00
2.298992592745836117e+00
2.359407639062576667e+00
2.405170755193849708e+00
2.427991269045112421e+00
2.397184986090481029e+00
2.395490733636812752e+00
2.422066402512367045e+00
2.417120969884385850e+00
2.372408107832401747e+00
2.321990089616452480e+00
2.254739745769672954e+00
2.160181857408519424e+00
2.045022830273875769e+00
1.944261976382917423e+00
1.890300561624959741e+00
1.849519078284909579e+00
1.814518560461741981e+00
1.738709240657172472e+00
1.647758110982708635e+00
1.593882836718611973e+00
