0.000000000000000000e+00
-3.145378407590899983e-02
4.668836336516457575e-02
9.029696254639743569e-02
8.950353400465993481e-02
6.834356217401360567e-02
5.992025373007123235e-02
5.625356455056818028e-02
5.836573749493029206e-02
7.261788822143278033e-02
9.672487865458734291e-02
1.271554005801553977e-01
1.518205760869345000e-01
1.772739474135258675e-01
2.184310736739479286e-01
2.702486828254679341e-01
3.148971765078796836e-01
3.476653252048662601e-01
3.609105341556169688e-01
3.641227320883825280e-01
3.560624761744384248e-01
3.544821350341891830e-01
3.689033197635581129e-01
3.852542385447246254e-01
4.022269823372916497e-01
3.988533287377818981e-01
3.988602754136334472e-01
4.114767713274388727e-01
4.477648263960539721e-01
4.753916960557543758e-01
4.902631132130540470e-01
4.945231565982065591e-01
4.862933515672783757e-01
4.521581799725289397e-01
4.210664059532931991e-01
3.928877785448328108e-01
3.748609133663968751e-01
3.658111118866818612e-01
3.578447616373600093e-01
3.513683662780374140e-01
3.467451345842247346e-01
3.436842096966418736e-01
3.467713426485348749e-01
3.572392201277539980e-01
3.706772005382051316e-01
3.447840844210203204e-01
3.252689352113125043e-01
3.214970979523091854e-01
3.035724158661480265e-01
2.610191027543053988e-01
2.411018813031309271e-01
2.397387241046456396e-01
2.434149730205597550e-01
2.354052221406924272e-01
2.148436892545170784e-01
1.873012574860474788e-01
1.533307608388213561e-01
1.137264455314327405e-01
8.881400445664539012e-02
9.092128409160765701e-02
9.922345939426768791e-02
1.065992790279122748e-01
1.112588356547343782e-01
1.037481434297963800e-01
7.946602735515961857e-02
4.330157409176904615e-02
-2.522115738735564161e-03
-3.581677942428251882e-02
-5.772540907586193315e-02
-5.152015280041793988e-02
1.767261663574010155e-02
3.304962289113100304e-02
9.874698861135733363e-03
3.562043973089940030e-02
4.997714684712223354e-02
5.072181860894242611e-02
4.126661913234058732e-02
1.082426399437563802e-02
-3.397262659858318878e-02
-6.559883880757350072e-02
-7.200720008769939673e-02
-9.048018926357526137e-02
-1.251109102382265692e-01
-1.872552353862569352e-01
-2.843300090760851329e-01
-4.144327542851593549e-01
-5.370385788788836212e-01
-6.447479054658671327e-01
-7.446403021807184164e-01
-7.957131698753121540e-01
-8.530220877269725221e-01
-9.046443443525631345e-01
-9.441227264170827249e-01
-9.827138590054873557e-01
-1.045874880052922062e+00
-1.117600332696554011e+00
-1.161352712522059516e+00
-1.184876949188731210e+00
-1.212934159515739019e+00
