0.000000000000000000e+00
2.695638134702746380e-02
8.694301610453167295e-02
1.558789939109189449e-01
1.970846329513876172e-01
2.340693183321725934e-01
3.400702653010229115e-01
4.962856465876073764e-01
6.389281206455370565e-01
7.508949214453120025e-01
8.409785488201142467e-01
9.161619844705052307e-01
9.801560758778368188e-01
1.064958758102690695e+00
1.175342859807355866e+00
1.326226747319284582e+00
1.408361131546735256e+00
1.462317506890977059e+00
1.504547662319737356e+00
1.519577843820862251e+00
1.505120249004959998e+00
1.488445058285504219e+00
1.552188497996426886e+00
1.697475778060002938e+00
1.826651330967592912e+00
1.880318675693970487e+00
1.912738801940512934e+00
1.963573555140788462e+00
2.003136371554874451e+00
2.015061919203174678e+00
2.003300342993611149e+00
2.037705817866062752e+00
2.069550859246136465e+00
2.085347212408930062e+00
2.089224369915782198e+00
2.105022515813795181e+00
2.145852537161635709e+00
2.203523386888396107e+00
2.255609878171447757e+00
2.289128473752610748e+00
2.301707125029438750e+00
2.368447272630101796e+00
2.463392100746996327e+00
2.507115420744555401e+00
2.487060504737954147e+00
2.525528093071277347e+00
2.701959909921602510e+00
2.898842048564323814e+00
2.906814728300098238e+00
2.833963235872147379e+00
2.825091384098813663e+00
2.724982332154333609e+00
2.678611448890295232e+00
2.594146605056196542e+00
2.614990483508203845e+00
2.636172752429845723e+00
2.642455859426995790e+00
2.651150696915551830e+00
2.626060258121719837e+00
2.606680421694397065e+00
2.626582246412843435e+00
2.659508526747965007e+00
2.724543558177685121e+00
2.771422267133502260e+00
2.807997139260876907e+00
2.865995514814419387e+00
2.970475268337391839e+00
3.022941537736581807e+00
2.955318878537964267e+00
2.843698689987434580e+00
2.730734184139361975e+00
2.695306485668503171e+00
2.706075346561168438e+00
2.740793892686483879e+00
2.808917022878018255e+00
2.859087630737769281e+00
2.889356557837608364e+00
2.903998644067728563e+00
2.937831154268207179e+00
3.028059521780202878e+00
3.153682700319217602e+00
3.221489834210998993e+00
3.242935460102856826e+00
3.202497764522989510e+00
3.150615518428102835e+00
3.151060810862265527e+00
3.185630835673783245e+00
3.157534949700320670e+00
3.106364418560369156e+00
3.047178006045245358e+00
2.960765083312703716e+00
2.882723725307823504e+00
2.800536373363291975e+00
2.725605513869630681e+00
2.675962987151552230e+00
2.633553560276308048e+00
2.570848791011913104e+00
2.506046296371227555e+00
2.473156153923429912e+00
