0.000000000000000000e+00
1.228187817853167163e-02
3.771532569181568206e-02
9.150902096034384259e-02
1.268051759602525919e-01
1.686738886883478172e-01
2.593810150239034273e-01
3.616570615973523362e-01
4.660391388779919764e-01
5.745422317195649775e-01
6.721453789403625256e-01
7.684356654566573130e-01
8.595984819906685725e-01
9.594909473440224046e-01
1.059540115808833560e+00
1.169297440448495262e+00
1.221734638414263108e+00
1.213181896497634638e+00
1.237576116814735450e+00
1.234825741450231940e+00
1.279490218938951429e+00
1.364467713965602513e+00
1.478022047657898241e+00
1.594171760595824106e+00
1.693231007344702554e+00
1.740031807320814528e+00
1.748127751306658428e+00
1.772084825824786547e+00
1.816675663534375262e+00
1.835506203319817287e+00
1.832143842416029456e+00
1.847746165429224874e+00
1.873678232908735808e+00
1.911036006962041345e+00
1.937437091923710053e+00
1.943983526558675345e+00
1.979209324603532938e+00
2.020631634537055632e+00
2.075486073251112895e+00
2.113775729112422397e+00
2.129859000466408858e+00
2.162405015065315794e+00
2.228370671018241378e+00
2.265851525700847358e+00
2.219843440203549179e+00
2.335179355260842193e+00
2.454947137023799186e+00
2.478902802898777846e+00
2.580905587196406614e+00
2.488572561768970903e+00
2.425134149891532864e+00
2.418187630226756202e+00
2.298162150813064297e+00
2.282036486463974612e+00
2.334125680590463325e+00
2.379589150263712316e+00
2.417556015607535080e+00
2.432185019365196155e+00
2.439483795040350511e+00
2.457758820679942779e+00
2.467850742524524854e+00
2.461258939890563546e+00
2.484504459789275366e+00
2.517472763883716880e+00
2.556151550441654319e+00
2.651479908950463926e+00
2.736829708307274789e+00
2.726550131104878982e+00
2.585172667710336825e+00
2.497705711251117400e+00
2.419849456081923478e+00
2.432945646195117995e+00
2.430086331720410442e+00
2.445805178274133684e+00
2.486070892631715878e+00
2.543630061259392949e+00
2.616374414494588407e+00
2.671140195294975594e+00
2.723892570111119849e+00
2.813953428970898063e+00
2.920907979677809685e+00
2.969060111531997670e+00
2.967182415203260870e+00
2.953611493092863860e+00
2.925090485336585999e+00
2.872059191440477388e+00
2.829311688251112678e+00
2.806029619369010408e+00
2.774577135142328288e+00
2.730436419203199350e+00
2.645732091448497858e+00
2.545768328688105875e+00
2.457299440556946823e+00
2.380350648988760920e+00
2.330703741431485287e+00
2.290196297819584004e+00
2.228270564867382841e+00
2.143152906506200495e+00
2.143382935877846673e+00
