0.000000000000000000e+00
-1.808751186070216566e-01
-1.882938100715390584e-01
-1.141369223394733678e-01
-7.049310863735946953e-02
-3.913876612833658286e-02
-2.714888404090565199e-03
3.153090828788601696e-02
8.859411178131054720e-02
1.812742234781884454e-01
2.880254807668908290e-01
3.959216452716035617e-01
4.893095905128630463e-01
5.558231179003938482e-01
5.849602810759526594e-01
6.098183742663614293e-01
6.770074130711289939e-01
7.017824506824019704e-01
6.741377267924086869e-01
6.352194145713753182e-01
6.343202124722036039e-01
6.211976024072113356e-01
5.967757089966215789e-01
5.569847949485251526e-01
5.059466368087466304e-01
4.683504065466558286e-01
4.871341691886310055e-01
5.112169264723704920e-01
5.353377390981014505e-01
5.625894528256707439e-01
5.879411106790861652e-01
6.029287899314916821e-01
6.152351529961735954e-01
6.133730635009952969e-01
5.910444024237693217e-01
5.496018045501481764e-01
5.218175150922654826e-01
5.109890257361479060e-01
5.113753390710833457e-01
5.035182280006433864e-01
5.016275397673057856e-01
4.998087100909556213e-01
4.873919672832990324e-01
4.669431483596951926e-01
4.724624345127804714e-01
4.805711005104016387e-01
4.647608876305222569e-01
4.725831647804401570e-01
5.221446348666078929e-01
4.736581573795751732e-01
4.271642227486984189e-01
4.128120621328729145e-01
3.540369345047417182e-01
3.600366228155431614e-01
3.560822206679163937e-01
3.413543673851942017e-01
3.314265869938252118e-01
3.282382606539483438e-01
3.268337743193817646e-01
3.215957974306463685e-01
3.056258520226418085e-01
3.013379901397323368e-01
2.924234687045487169e-01
2.671191277294125976e-01
2.179283521128667911e-01
1.607333905621157188e-01
8.567561135146284368e-02
-2.214533505460336560e-02
-1.113787706081669215e-01
-1.725555701316307533e-01
-2.213952068973939480e-01
-2.191195007947338569e-01
-1.879650922387925416e-01
-1.627776734154390836e-01
-9.497157388901017461e-02
-3.883718270722053001e-02
-5.731264936643110097e-03
1.827478167130397457e-02
3.429275579677487640e-02
9.460990580767741909e-03
-2.888078204693822482e-02
-6.528054359514900984e-02
-8.640855644593437024e-02
-9.961166821738340338e-02
-1.399095170089795781e-01
-2.061452411193235579e-01
-3.109886269927112923e-01
-4.379680866143009776e-01
-5.722264408227405452e-01
-6.675591402227100124e-01
-7.413384906321738299e-01
-7.987662688959193957e-01
-8.463167560382959254e-01
-8.971638520813020046e-01
-9.346992668115440273e-01
-9.661846793845720871e-01
-1.004349882075699529e+00
-1.044854585006231629e+00
-1.098253751786662624e+00
