0.000000000000000000e+00
-6.719184344671919051e-03
1.658411678295916292e-01
2.262165989697497437e-01
2.421842580066444484e-01
2.302771144504462963e-01
2.219084990762409393e-01
2.278854843202288150e-01
2.771543006358494488e-01
3.574331545068479832e-01
4.535304371718038574e-01
5.607219389256985487e-01
6.565819910532257886e-01
7.222107850480073976e-01
7.536836004549127832e-01
8.052053942480864590e-01
9.437309889336804591e-01
1.007495686887083242e+00
9.490488121675121347e-01
9.001164371593550761e-01
8.911973340410832556e-01
9.162343302928194211e-01
9.398190365530189050e-01
9.440393066671011191e-01
9.275829899247807209e-01
9.105366038059213851e-01
9.018998696310334129e-01
8.907477277857748232e-01
8.784901537607705535e-01
8.761546443980956500e-01
8.863627242289127128e-01
8.968774974425091084e-01
9.177149371013813006e-01
9.197672491354804691e-01
9.004591118400282479e-01
8.696258901307691858e-01
8.442674264426101027e-01
8.477361239360604594e-01
8.506416457339711634e-01
8.363726928817767359e-01
8.194582693189632616e-01
8.142085177538245233e-01
8.133001545338216509e-01
7.937868546328361585e-01
8.470347589342450689e-01
8.630596547613231806e-01
8.777696514188826349e-01
9.133827362722650722e-01
9.363333960042377058e-01
8.811207918088727054e-01
7.956087431863485548e-01
7.250120641825874568e-01
7.208663739642552359e-01
7.326448590391211324e-01
7.319617372045507109e-01
7.198420974503144665e-01
7.083558862952497037e-01
7.222036179421259527e-01
7.482127291823268411e-01
7.603441374043371503e-01
7.500395095463796569e-01
7.211771439925919180e-01
6.915701785955307157e-01
6.497499674848918882e-01
6.054478923416216629e-01
5.650140153236644647e-01
5.076966432874684410e-01
3.029665057511563564e-01
1.885596630060114576e-01
1.475231825637615124e-01
8.083288820558942600e-02
3.383530573377224737e-02
4.842835426605940352e-02
1.685739950929484032e-01
2.771010400497498916e-01
3.384036418551729097e-01
3.621094766534695975e-01
3.683223459089556284e-01
3.697762758573741593e-01
3.522553073436850979e-01
3.277792883387844469e-01
3.055286833824618631e-01
2.759805044555227460e-01
2.480864548125127633e-01
2.169799480984953011e-01
1.780249067968853183e-01
1.059665259701852991e-01
-2.266547804226240470e-02
-1.508042422539478400e-01
-2.545514106614232275e-01
-3.387705165443603561e-01
-3.990754546051191731e-01
-4.466634098275414910e-01
-4.758271560289634161e-01
-4.930317052385524423e-01
-5.203785449001969710e-01
-5.477422167799376185e-01
-5.736444010079385647e-01
-5.966726157490185312e-01
