0.000000000000000000e+00
-2.258940016379424806e-02
-2.140969478499722689e-02
5.699558590278326620e-03
-5.059018374984927680e-02
-1.165743477288141705e-01
-1.450050987978662997e-01
-1.655542826142429313e-01
-1.764682607162192662e-01
-1.769162529751060475e-01
-1.674811184696149702e-01
-1.472075091260073021e-01
-1.138319825757998227e-01
-7.551825525063429745e-02
-4.887142966744845163e-02
-2.917218501984053525e-02
-1.360769514738469077e-02
6.741185890271284009e-03
2.484529631185553034e-02
3.691757432716449849e-02
5.636457616373022339e-02
7.702355956828682571e-02
1.212219263056963231e-01
1.639942938623207003e-01
1.751242358831522072e-01
1.768262406341472859e-01
1.777950283527983955e-01
1.898785279316838048e-01
2.135581901426492901e-01
2.324335943172366192e-01
2.450081578390670145e-01
2.454436139420959062e-01
2.158778413551248332e-01
1.958338885770656290e-01
1.864955988715288615e-01
1.917846877732812816e-01
2.063525036940136448e-01
2.176545379647086831e-01
2.217423517988950654e-01
2.248944975178678862e-01
2.249295418953837222e-01
2.293281253884311421e-01
2.272136009955397218e-01
2.157760117863613269e-01
2.053509710423154500e-01
1.920582419356418047e-01
1.786556030029990139e-01
1.830723989170451871e-01
1.921289865701950039e-01
1.945277580462702882e-01
1.932944140832577873e-01
1.632827511192360970e-01
1.275431258156097258e-01
9.312287769166971430e-02
6.083931832783953664e-02
3.974000993706375273e-02
2.317026115875570058e-02
8.685227452416899308e-03
5.969749633609494621e-03
8.470245866864456463e-03
-1.357008325850089792e-03
-1.785798713706712726e-02
-4.077870788417894965e-02
-7.510185017885753767e-02
-1.219647215571093568e-01
-1.699078220414066420e-01
-2.102785042890281675e-01
-2.365147030712395348e-01
-2.154461967321125437e-01
-1.373477758721066422e-01
-1.092715199763201334e-01
-9.573036488021956225e-02
-8.709326110318424408e-02
-8.708803561319178321e-02
-9.877878473019713335e-02
-1.194344918094624591e-01
-1.126052665711469170e-01
-1.095841840689848468e-01
-1.239090908641254651e-01
-1.613056197111118473e-01
-1.802854708144469020e-01
-2.106662583284669432e-01
-2.708296698929534840e-01
-3.619492727866968074e-01
-4.444125152642360854e-01
-5.346284122543863981e-01
-6.218766564817583831e-01
-7.018344892393302281e-01
-7.869053407632227159e-01
-8.466027587236537588e-01
-9.161341683993928786e-01
-9.841238875306889122e-01
-1.046096706202457316e+00
-1.117763615118904985e+00
-1.194250624224400203e+00
-1.260064968037140076e+00
-1.289770326347944529e+00
-1.307753881960849185e+00
-1.314260293208562747e+00
