0.000000000000000000e+00
-3.469198303530317273e-02
-9.122895069990763495e-02
-1.071761512334108990e-01
-6.338887069028725785e-02
-3.829398333614440764e-02
-4.120944585591946457e-02
-5.957998035695061256e-02
-9.642976640349947004e-02
-1.162176263152503025e-01
-1.075437267340076108e-01
-9.434839998336577715e-02
-9.821347185541806635e-02
-1.185940773931008912e-01
-1.359529198852149900e-01
-1.472515709222758096e-01
-1.545745553451335075e-01
-1.592403846046778204e-01
-1.658746068106206062e-01
-1.686648911402477968e-01
-1.621414709743783655e-01
-1.531708633025543331e-01
-1.420796748673362753e-01
-1.343982119192853875e-01
-1.319131746420971474e-01
-1.336567372211559523e-01
-1.408149715438052063e-01
-1.522071096554689085e-01
-1.643180441001083070e-01
-1.745443997809761061e-01
-1.796118067377583116e-01
-1.831739884939737051e-01
-1.809348467021921203e-01
-1.695109393454886648e-01
-1.555486750922547567e-01
-1.453718565480575653e-01
-1.415234869687684860e-01
-1.429708552376777464e-01
-1.491846299027388967e-01
-1.653652289863267733e-01
-1.815431720337349619e-01
-1.862747396104193487e-01
-1.858849660960440742e-01
-1.814123610448774016e-01
-1.777291581896081885e-01
-1.738075090906543163e-01
-1.758084862404483417e-01
-1.747011350619358805e-01
-1.745467551827755426e-01
-1.831975589927201109e-01
-1.977919311816906944e-01
-2.232527648222503713e-01
-2.584718799386719890e-01
-2.891432900363409275e-01
-3.186978145346330282e-01
-3.448310655159563809e-01
-3.584395937853234737e-01
-3.603270223379672066e-01
-3.602588461781077722e-01
-3.663117068446953839e-01
-3.756778051984371869e-01
-3.915660507849879624e-01
-4.066121400113080209e-01
-4.201641705701877338e-01
-4.263175690184286548e-01
-4.270917624856392925e-01
-4.230391624823366947e-01
-4.175196458830857660e-01
-4.109393273437077498e-01
-4.104542566943863990e-01
-4.232074032500559024e-01
-4.669013515200386433e-01
-5.378470313788765722e-01
-5.892086132308574919e-01
-6.114259080790115375e-01
-6.275438977079337288e-01
-6.406406803412110218e-01
-6.587630521625382762e-01
-6.813853465452507363e-01
-7.088507046862371208e-01
-7.416450285290830946e-01
-7.781140550194796113e-01
-8.278410373506138731e-01
-8.921411820327764808e-01
-9.775327280857564194e-01
-1.066638455784949313e+00
-1.155159656897412512e+00
-1.221014046303764866e+00
-1.236444897618825811e+00
-1.218345787189077711e+00
-1.227815659291202177e+00
-1.266316441002300008e+00
-1.308606558494749272e+00
-1.338333629337608022e+00
-1.367278631024838820e+00
-1.390637616340425264e+00
-1.358400349012680586e+00
-1.326262950282822706e+00
-1.323950174913217204e+00
