0.000000000000000000e+00
-1.990512350863569146e-01
-1.305131913405714605e-01
-6.636133914009151313e-02
-6.044725508380249801e-02
-4.472802752002424942e-02
-3.569287098500686928e-02
-2.335933604487627768e-02
6.236263018885523923e-03
6.658145929643410899e-02
1.575952219706426849e-01
2.617330284995428302e-01
3.504361152902384924e-01
4.061829218999212232e-01
4.349925084410524168e-01
4.659806549366528605e-01
5.555264323107141911e-01
5.772243686784236383e-01
5.320914500846727346e-01
4.802659131430754846e-01
4.559162789144743377e-01
4.317548958772655654e-01
4.228531939888225399e-01
4.120954981733129241e-01
4.127967678029176302e-01
4.043949177476671708e-01
4.117609577017993239e-01
4.278229545180074478e-01
4.346027440323380620e-01
4.409430171246676577e-01
4.542090841675656132e-01
4.753241972842749963e-01
4.873716456165710365e-01
4.835840927535440259e-01
4.670429846973132015e-01
4.392059091404976190e-01
4.162821938233418617e-01
4.022526206367232904e-01
3.887864141274705032e-01
3.722554864139371311e-01
3.607358691488881663e-01
3.454015836901624947e-01
3.168913368170603873e-01
2.841067142408779667e-01
3.145794491360472955e-01
3.246021434989703192e-01
2.985785311120690566e-01
3.110017551470908859e-01
3.289365705506210880e-01
2.108808194610526099e-01
1.479066496195982072e-01
1.360311823717288426e-01
1.528502442543877016e-01
1.772260525219164773e-01
1.851166503858860946e-01
1.709929103333296396e-01
1.588806607483801425e-01
1.589999300304159313e-01
1.739008871104836818e-01
1.864954534608385950e-01
1.827603288056411368e-01
1.606278819879888853e-01
1.249476488062586377e-01
8.185912609583959054e-02
3.054101598077524349e-02
-2.645255620769026983e-02
-9.749734616894739636e-02
-1.754222319975101696e-01
-2.320853289740563152e-01
-2.854695282485217867e-01
-3.356056586151314192e-01
-3.515174402481764382e-01
-3.319757408624419703e-01
-2.690572601295100341e-01
-2.234724111046229866e-01
-2.064359001625932222e-01
-1.997881697263540479e-01
-1.975975167033817981e-01
-1.717500038516346361e-01
-1.857980494267131855e-01
-2.235916516928760367e-01
-2.435624585963860333e-01
-2.526885938680169530e-01
-2.690288887481477875e-01
-3.204807429424952336e-01
-4.222412588904198572e-01
-5.402497366272142054e-01
-6.910728462426434238e-01
-8.317169124534168345e-01
-8.979668798848610134e-01
-9.733072595151428530e-01
-1.028089347151447175e+00
-1.066593327865589025e+00
-1.087037760859270952e+00
-1.114291807129410561e+00
-1.144036640476792099e+00
-1.172837476321346717e+00
-1.192319455160760766e+00
-1.207636292926801413e+00
