0.000000000000000000e+00
-1.762436407136741545e-02
5.226325447035157223e-02
1.562836948539982340e-01
2.317541953397898313e-01
2.830828350185192743e-01
3.177246902153124108e-01
3.864656389666280001e-01
4.826365077574608642e-01
6.110477125094141426e-01
7.497107486824808875e-01
8.699408332797791132e-01
1.021329990191692350e+00
1.129673367539393736e+00
1.187235789734029989e+00
1.300119692460064424e+00
1.374055109345237780e+00
1.379597679016499878e+00
1.401325992172997248e+00
1.439273746836118306e+00
1.423643250414147632e+00
1.418380904549522592e+00
1.384614036383391422e+00
1.372540638660986856e+00
1.420679881604806072e+00
1.479401935389036860e+00
1.512740702653433633e+00
1.508671813097228087e+00
1.501333668355337769e+00
1.494439583164774765e+00
1.496512405018003422e+00
1.494575363665674450e+00
1.493574758526964752e+00
1.483211315542090958e+00
1.502082044776940961e+00
1.502658266789064001e+00
1.476067921924432369e+00
1.455127189146969924e+00
1.451852249314049770e+00
1.482706500744485290e+00
1.542191833022950487e+00
1.583871395194248244e+00
1.608853713926112539e+00
1.629815708978558986e+00
1.679129266037170831e+00
1.771129472994845910e+00
1.843318766130958908e+00
1.941949436530822526e+00
1.947329841901085379e+00
1.718244234793362857e+00
1.538860824657512838e+00
1.468597433154385845e+00
1.426109229042285431e+00
1.420101272939934045e+00
1.429837405723446198e+00
1.460685471021684778e+00
1.518105184274323616e+00
1.577150212787999495e+00
1.609325173735983050e+00
1.627170176801681079e+00
1.647592054783721949e+00
1.646197251780862070e+00
1.633527157241149830e+00
1.585239874496223056e+00
1.603383132407397493e+00
1.564067748058423080e+00
1.503631646125931365e+00
1.368750261658790324e+00
1.102784308605092800e+00
9.753212025113562333e-01
9.730649757022604707e-01
1.066941442292132169e+00
1.180851673001330093e+00
1.274868138533025164e+00
1.376585625236290022e+00
1.428569645408429567e+00
1.465407292906213410e+00
1.493990231214007647e+00
1.507979924677209649e+00
1.515948466781341653e+00
1.522583475873498404e+00
1.517794012428380412e+00
1.516107492034869386e+00
1.500889467682808398e+00
1.493596376590241803e+00
1.478241340309898844e+00
1.436618381848764336e+00
1.357047517821639904e+00
1.215652236969318567e+00
1.079592329066536349e+00
1.001114365053453081e+00
9.352011838855991410e-01
8.595154971059342230e-01
7.896108393535186121e-01
7.403155843984826623e-01
6.999446812521441519e-01
6.489975902937036301e-01
5.661657484130619977e-01
5.878859162708836017e-01
