0.000000000000000000e+00
-1.725511066095181956e-01
-1.538087820172280018e-01
-7.066505542486802016e-02
-3.336306467207167392e-02
1.497355307966474758e-02
6.933545800701637618e-02
1.320335060497902502e-01
2.086939817155974985e-01
3.114503322748372049e-01
4.247368522521624001e-01
5.348841526247710698e-01
6.303101532157633358e-01
6.844900186998907898e-01
6.953997244474622308e-01
7.118751980315918271e-01
7.814295420659795877e-01
8.140701721589526096e-01
8.186589084748391310e-01
8.135887861070043581e-01
8.164496506465058756e-01
7.980359437708687276e-01
7.749028107154871670e-01
7.275060461153464164e-01
6.535439227673893736e-01
5.958662479565750569e-01
6.101766861629334127e-01
6.360632537026043032e-01
6.576708171536111980e-01
6.867816266920291346e-01
7.180837285241234991e-01
7.463602093782253366e-01
7.670631355427302012e-01
7.656132479374504474e-01
7.493036623069099234e-01
7.273017715679703787e-01
7.054738368257112979e-01
6.982314799442075337e-01
6.998484003132042774e-01
7.007624460712031933e-01
7.068914813772806394e-01
7.324200708473388444e-01
7.544984465384068084e-01
7.061240081192249329e-01
7.042865899141532715e-01
7.041947129847998532e-01
6.975589885868143103e-01
7.327501543869603395e-01
7.889672493936417119e-01
7.552096124181537640e-01
7.204841174502365497e-01
7.232507181651006700e-01
7.085511535866542143e-01
6.734411888490565712e-01
6.530472228192012452e-01
6.343478242891921193e-01
6.169695546917370876e-01
6.002135688503691391e-01
5.780739905361720332e-01
5.495415494917972321e-01
5.307637160772599172e-01
5.219173685646215644e-01
5.141280550535259897e-01
4.923112337504738090e-01
4.613758639788716476e-01
4.231626972148401222e-01
3.583133484206195152e-01
1.135884673286487456e-01
1.734430956209315200e-02
-3.722650612592465214e-02
-7.428254389060018337e-02
-9.422396526081494583e-02
-4.384189716711744955e-02
5.188389918131031120e-02
1.828605970911897916e-01
2.363852136654484570e-01
2.561242092060921349e-01
2.640027778922155455e-01
2.693971155117519389e-01
2.487276947209485778e-01
2.185845014565646893e-01
1.824124324115809215e-01
1.510878371208180249e-01
1.304920544484522438e-01
8.754949616437619764e-02
4.138341810088244643e-02
-4.052403813511754049e-02
-1.640926048304559570e-01
-2.980943082907577812e-01
-3.923935433591695943e-01
-4.541397662234394339e-01
-5.254363021543593248e-01
-5.820088243886523127e-01
-6.216290942284978804e-01
-6.561398290188192872e-01
-6.985009900823133666e-01
-7.398038781940612374e-01
-7.821880648549635051e-01
-7.995751449493542218e-01
