0.000000000000000000e+00
-2.110180220071927737e-01
-1.089155417085655581e-01
3.062373424771855368e-02
1.197206736340875322e-01
1.792905295294148493e-01
2.264434152310629000e-01
2.845613092621477325e-01
3.656380410996409314e-01
4.750099870312459172e-01
5.878264619576218930e-01
6.870367566663333481e-01
7.590067859241703685e-01
8.080964530246254052e-01
8.360854159808940311e-01
8.788221417433423888e-01
1.017533585071568991e+00
1.040733611853512430e+00
9.833210782241534886e-01
9.514057399083798439e-01
9.079603679365793045e-01
9.675702814236905036e-01
1.031077012002017401e+00
1.008719417074738667e+00
9.696217883577616936e-01
9.600662190822470965e-01
9.457270565891611191e-01
9.659079244210942994e-01
1.006499459006283459e+00
1.032146554616346634e+00
1.038162269635154455e+00
1.024155598742599649e+00
9.900669193882378760e-01
9.662359042643936524e-01
9.748837696819995235e-01
1.000897225691107950e+00
1.020769776967562548e+00
1.006245385834405148e+00
9.914538732268691756e-01
9.839205992709836313e-01
9.828345418752415519e-01
9.942086581696535363e-01
1.023276574564778718e+00
1.041526794793935506e+00
1.067609871638667496e+00
1.076752043197853226e+00
1.125778520104388392e+00
1.201172821175289229e+00
1.209772824390810797e+00
1.156316400918444121e+00
1.031920423504756101e+00
9.388109070811847534e-01
9.334526192464118743e-01
9.616149848613556594e-01
1.015292031167710496e+00
1.067605949756085915e+00
1.096610737066419539e+00
1.093217562383809627e+00
1.073469272330547897e+00
1.046047488951488358e+00
1.013588829145657622e+00
9.826536057413063352e-01
9.430909324893322898e-01
9.056726032941749827e-01
8.745941608961612657e-01
8.236958074811794317e-01
7.280942597411793615e-01
5.069309550935542363e-01
3.240136629280093716e-01
2.622094879718815941e-01
2.468646034110482113e-01
3.005263013120899052e-01
4.135958677332734479e-01
5.130767744402864317e-01
5.833112144910463925e-01
6.442870329354624115e-01
6.822752013935882154e-01
6.894431712991759831e-01
6.924054781980573114e-01
6.896337996139538795e-01
6.763897325584586895e-01
6.471436874419742580e-01
6.215235516129463678e-01
6.035329631320243138e-01
5.934909793791069976e-01
5.881394581641036234e-01
5.657411958944167374e-01
4.635987281748049083e-01
3.353309496016857461e-01
1.927414666170675916e-01
6.132456524274368381e-02
-2.829014162371151775e-02
-1.023545082613585011e-01
-1.023214657860399279e-01
-1.203495587256646626e-01
-1.513087933950992559e-01
-1.775773850244906638e-01
-2.105561172658273472e-01
-1.978359316098791121e-01
