0.000000000000000000e+00
-5.614437681820395876e-02
-7.629622215570279475e-03
-1.407809124647514953e-01
-2.211656891712439066e-01
-3.140596826418024512e-01
-3.685351774962121185e-01
-3.732931433457548631e-01
-3.857413063293311239e-01
-3.949628530905366364e-01
-3.931471995083932747e-01
-3.834889036911256488e-01
-3.734100135585454727e-01
-3.626858172703946170e-01
-3.573693438989938853e-01
-3.566466655058780910e-01
-3.500751430912132367e-01
-3.465648576211978193e-01
-3.465643590725393519e-01
-3.460071736559466871e-01
-3.457072943604957427e-01
-3.500685099437453873e-01
-3.549586093355657224e-01
-3.441695364198431029e-01
-3.401998331804474418e-01
-3.365925867627010959e-01
-3.291629124446365795e-01
-3.132643360926165021e-01
-2.918312714989001466e-01
-2.664605070616297144e-01
-2.518127990151153850e-01
-2.404910423308960765e-01
-2.326881249647445860e-01
-2.286612272855859662e-01
-2.240288145961076838e-01
-2.208270251137244011e-01
-2.256299641570884140e-01
-2.258122272995226054e-01
-2.173583955142002200e-01
-2.085006548932002990e-01
-2.072119038315489159e-01
-2.090913281365629206e-01
-2.027203575059324803e-01
-1.926101012950687252e-01
-1.844217960380927224e-01
-1.790434028319564663e-01
-1.712028695075801521e-01
-1.695634277863600770e-01
-1.774447520396691402e-01
-1.847891089493582384e-01
-1.949708235378938559e-01
-2.127950800095574913e-01
-2.393414355395659943e-01
-2.678478505386981401e-01
-2.977324185217057329e-01
-3.234242079248141333e-01
-3.472849220995536390e-01
-3.696719966410725311e-01
-3.830315298198400109e-01
-3.978244378580735319e-01
-4.192968051634006210e-01
-4.429803672146228055e-01
-4.618466203329212316e-01
-4.828393439400973097e-01
-5.065987569103418409e-01
-5.288261761609969192e-01
-5.495396581784259826e-01
-5.699541688664431227e-01
-5.828947636869314941e-01
-5.761905371756982364e-01
-5.618632469051142442e-01
-5.415864566781061207e-01
-5.222034530023880183e-01
-5.054506439000838736e-01
-5.122338946232241064e-01
-5.409755440708444718e-01
-5.769074867015511199e-01
-6.101463754367619785e-01
-6.309540083398224031e-01
-6.436610627923755601e-01
-6.536594452537414224e-01
-6.751225295686911210e-01
-7.056623802873351892e-01
-7.651306135931055241e-01
-8.435542249672907111e-01
-8.947874731649909652e-01
-9.601134934432480339e-01
-1.054986747370470379e+00
-1.181720612221009326e+00
-1.320780868288710996e+00
-1.381819729723980039e+00
-1.352413860536344492e+00
-1.384817260812463147e+00
-1.451929772621932901e+00
-1.536205986332047635e+00
-1.617750316305649250e+00
-1.675510199296647462e+00
-1.728989675186219044e+00
-1.736080579264898116e+00
