0.000000000000000000e+00
-1.492247325107807360e-02
-4.686854467323673529e-02
5.039232452304477639e-02
1.327782564681098676e-02
-6.814279326467399811e-02
-1.126181588512196602e-01
-1.309518754559982068e-01
-1.549769213996418094e-01
-1.698416357055944903e-01
-1.689060829506419947e-01
-1.548441305068815055e-01
-1.428442949688922825e-01
-1.274561509539487991e-01
-1.144207862554612321e-01
-1.119931037626701459e-01
-1.126137125935347261e-01
-1.115145749626255539e-01
-1.103387975323286557e-01
-1.116862945804521640e-01
-1.198193156155368116e-01
-1.279370249465579812e-01
-1.297536598730276158e-01
-1.207859117154546913e-01
-9.641645882208066398e-02
-7.354866781970016698e-02
-4.107891602751084781e-02
-1.211780000270605562e-02
9.999354488617467895e-03
2.135837052438457895e-02
1.970954382775008673e-02
1.757251030967627026e-02
2.050543536780208287e-02
1.935384173793835982e-02
9.669599420605134998e-03
-1.237495277995603882e-04
-2.045739270753510475e-02
-4.507939104733800495e-02
-6.138190204040076814e-02
-6.670850999956107197e-02
-7.333967674778379964e-02
-6.678574314100862996e-02
-4.434308780813311923e-02
-1.897254480176138736e-02
8.633135396230617875e-03
3.313641362481661856e-02
4.109415983622830004e-02
2.883333545907740270e-02
6.938335020301722444e-03
-2.202780164235815241e-02
-6.048137075849258082e-02
-9.874452319902714270e-02
-1.342472342432556864e-01
-1.648278632104770991e-01
-1.784140257665467189e-01
-1.954159581462298900e-01
-2.049914659827189733e-01
-2.063704903308523075e-01
-2.078016115199956548e-01
-2.105236216957543371e-01
-2.338466735724609724e-01
-2.587789263884387458e-01
-2.832910377103666777e-01
-3.157527132138504000e-01
-3.460474059917064693e-01
-3.613909148657309389e-01
-3.563306505370573141e-01
-3.245219405005099755e-01
-2.829981208494492528e-01
-2.516671258103368447e-01
-2.376492055100781209e-01
-2.213344404754420125e-01
-2.236752932551333561e-01
-2.553344355121746068e-01
-2.918754617117395034e-01
-3.246422741760565112e-01
-3.581561841825313675e-01
-3.850566158897533731e-01
-4.098744832700225160e-01
-4.514002219698307616e-01
-5.085730217690147548e-01
-5.735506417572979743e-01
-6.287229483607502667e-01
-6.774901014405221300e-01
-7.507863605327919077e-01
-8.568362595436862517e-01
-9.535679371340946009e-01
-9.993568607042027097e-01
-1.006081131620347069e+00
-1.012084377376954336e+00
-1.057035532132516220e+00
-1.149956802359925589e+00
-1.225711436365192419e+00
-1.287386942158062597e+00
-1.325812315581580858e+00
-1.338168721320880827e+00
-1.325875449411229035e+00
-1.313605543026524769e+00
-1.296166176924129720e+00
