0.000000000000000000e+00
-3.149498455114835976e-02
-9.936181983148104080e-02
-9.246358415461403135e-02
-1.624619773740735296e-01
-2.357993372276206978e-01
-2.685239034055762475e-01
-2.918236062133378050e-01
-3.081668962290966540e-01
-3.257898265522717329e-01
-3.261392127772829719e-01
-3.065926031779496741e-01
-2.822912061946553641e-01
-2.637976790005706063e-01
-2.536582254731010178e-01
-2.451244894129957497e-01
-2.439445139024355169e-01
-2.444532179666632221e-01
-2.436809702887871021e-01
-2.396235916684227585e-01
-2.420773456524897560e-01
-2.454861630455920096e-01
-2.456526175666163825e-01
-2.438163252367883949e-01
-2.470124042392604080e-01
-2.445503663185696064e-01
-2.318014280943486716e-01
-2.233649994458917210e-01
-2.256654028090340769e-01
-2.273993317393059876e-01
-2.314130491031284598e-01
-2.299569437515656956e-01
-2.188680546651423087e-01
-1.904441866352272195e-01
-1.708440875813057036e-01
-1.688576277638574319e-01
-1.847333127952937581e-01
-2.132127530633711465e-01
-2.402230561774491568e-01
-2.580599905855590626e-01
-2.707118771254770628e-01
-2.639004366404587021e-01
-2.448770844453692086e-01
-2.144721233197124100e-01
-1.862985863117238572e-01
-1.647886776238965678e-01
-1.505031681384841058e-01
-1.583414786009379460e-01
-1.783134625770045889e-01
-2.031501967772703088e-01
-2.321462991486732408e-01
-2.673800941022366762e-01
-3.012079040499052729e-01
-3.298303881880320088e-01
-3.504174123370721317e-01
-3.595134389984570022e-01
-3.654599275148374682e-01
-3.664959155470161600e-01
-3.695576033129209237e-01
-3.789861086362682485e-01
-4.012375178661811148e-01
-4.355464564180997478e-01
-4.658929988828552915e-01
-4.926655703342903703e-01
-5.181325939252405810e-01
-5.308723941375179667e-01
-5.230711583746033844e-01
-5.064193913336582087e-01
-4.844143302844323706e-01
-4.702515225459795167e-01
-4.688847173967218840e-01
-4.828267187871801980e-01
-5.117287215095012165e-01
-5.504049507265882379e-01
-5.890825535428163562e-01
-6.154124185965202942e-01
-6.299121805711884736e-01
-6.477541424382804447e-01
-6.743232368876244109e-01
-7.172980577517276135e-01
-7.819991484138139048e-01
-8.634667672852445186e-01
-9.407155331961580824e-01
-9.935672250518123860e-01
-1.069028490863569436e+00
-1.186110090836659081e+00
-1.296932384985639564e+00
-1.330631863766610801e+00
-1.316089660462140154e+00
-1.331805787924793982e+00
-1.392846416582111058e+00
-1.458386177312164911e+00
-1.502671184019847672e+00
-1.538663232482013754e+00
-1.561228625843704032e+00
-1.552522339244566174e+00
-1.533025253875779148e+00
-1.496386850122368495e+00
-1.432454993168207791e+00
