0.000000000000000000e+00
-4.799394478709712031e-02
-3.338849132543603160e-02
-1.348381256370980580e-02
-6.382699307058400939e-02
-1.237192188315504038e-01
-1.394218156520780905e-01
-1.594949326433076631e-01
-1.678863927233840703e-01
-1.674466141432886246e-01
-1.578537871334029230e-01
-1.374726232061482811e-01
-1.093442614777837552e-01
-9.232853312010255720e-02
-7.042130824694406432e-02
-5.195330997323169275e-02
-4.214363541084487075e-02
-3.810736402324210736e-02
-2.950365403243287998e-02
-2.049183351146127707e-02
-1.062153757888550931e-02
1.038198875616097583e-02
5.013469669767597892e-02
9.813641054783718565e-02
1.202612064874954978e-01
1.241228500506762200e-01
1.387704307961528383e-01
1.492605797812101565e-01
1.631794974384163932e-01
1.810893192939522223e-01
1.961941725654662017e-01
1.983691809757550661e-01
1.839783615762693447e-01
1.586769298996389688e-01
1.332915772079758254e-01
1.224860454307503677e-01
1.244018465533138218e-01
1.308035938360626593e-01
1.350750564199540427e-01
1.353687118787460508e-01
1.341360243896475846e-01
1.508363181428130917e-01
1.836125915684350129e-01
2.014765807965511468e-01
2.079973011674106365e-01
2.059956844497185524e-01
1.973236326035441579e-01
1.842682678689178399e-01
1.897097106267065791e-01
1.966097452895864683e-01
1.963333877972849029e-01
1.699511448897317589e-01
1.419999481055704560e-01
1.146111255931442641e-01
8.622245762870348051e-02
5.421348454891947166e-02
2.267233665937853915e-02
-6.936236246599780664e-03
-2.666865326767317579e-02
-3.086374301195471404e-02
-3.254102009867271272e-02
-4.352263900871265745e-02
-5.983367301541855920e-02
-8.974108514913450851e-02
-1.289102605069521179e-01
-1.715437208744136077e-01
-2.166959638904826235e-01
-2.372146756092071151e-01
-2.061000122966245574e-01
-1.727898695102529913e-01
-1.519222260671433122e-01
-1.333611042955109016e-01
-1.256471065804538600e-01
-1.331616303408243995e-01
-1.401426031663654537e-01
-1.531863613807465385e-01
-1.696868397583362054e-01
-1.850959510740695924e-01
-2.138174409064177717e-01
-2.491764042780620914e-01
-2.707310156392515044e-01
-3.072932621081712612e-01
-3.857153811164863444e-01
-4.661144285921050012e-01
-5.369045815920661102e-01
-6.144145823904862969e-01
-6.896259464073217771e-01
-7.855765327739703263e-01
-8.584965775593218495e-01
-9.037166927733649713e-01
-9.498132448289241525e-01
-1.014409512901648158e+00
-1.087445947492099885e+00
-1.142077146487914696e+00
-1.212758827057886180e+00
-1.277985856194741920e+00
-1.320383564062433290e+00
-1.341033911670221679e+00
-1.341851352580331946e+00
